1703938
1703940
1343493
1703942
131082
2162698
14
294935
24
2162713
23
294936
262177
34
35
393251
163877
753702
131111
131112
41
33
43
48
589873
52
54
56
393278
63
262209
1114179
69
1867846
2293836
98383
196690
458836
1048668
393310
1179743
102
2293862
104
1704044
114
122
124
1179777
426114
1179778
426117
139
140
142
426128
131226
295068
295069
158
159
160
162
163
1147044
65700
1147043
172
173
174
295090
262324
1867956
183
1507512
192
193
195
196
197
198
199
200
201
65735
203
204
295108
1605838
202
2162893
65743
210
211
212
213
214
215
216
217
1147094
227
557289
235
721133
238
33007
33008
33010
1147123
33011
245
246
1835254
65786
250
251
253
1278205
254
256
1147137
33025
327939
1605892
1605891
33029
263
258
33033
33030
33035
266
33037
33038
33039
1147152
1147151
274
33043
1147156
33044
33046
33045
1147158
277
33050
33051
280
285
33053
33047
288
33059
292
33060
293
296
297
1081644
885040
305
1769779
2163011
329
337
1605972
754004
1245526
343
1442136
346
347
353
2294114
1704289
354
1737061
358
1081702
360807
1737063
1737066
1704290
98671
373
754038
375
754039
754041
754040
754042
754044
381
382
393598
384
380
2064768
754051
754048
754052
754045
754049
754056
754055
754058
754053
396
398
399
754064
491921
754066
754067
1343891
405
1507734
1048983
408
754073
410
754075
754072
754074
421
65958
65959
491948
428
491950
491951
491949
491954
435
436
437
438
393657
442
446
447
448
449
450
451
452
453
454
455
456
458
460
463
464
1933777
466
1933776
1933778
360911
470
471
1933779
476
477
478
480
483
484
485
486
487
488
489
490
164332
493
494
495
496
131568
498
502
504
505
1933817
164348
983548
511
1671680
1344003
518
519
520
521
262667
262668
529
536
537
459290
539
459291
542
229919
229920
545
546
229921
548
549
393763
393767
552
553
554
1868325
556
1933868
164393
562
563
564
565
566
1704499
1933880
569
571
573
688701
575
164416
577
590403
580
1770053
582
584
585
1770058
587
588
1933903
1933904
361041
614
615
197222
618
628
630
631
632
633
634
262776
636
1245814
644
645
646
648
650
651
652
361101
654
656
659
661
663
66200
656025
666
983706
668
669
670
672
673
674
164514
676
675
680
66219
685
687
688
689
623281
691
623280
693
66228
703
393921
164546
1245890
1049283
230089
714
715
716
426701
328396
426703
459472
1737425
720
723
426702
1639118
726
727
728
729
730
731
732
733
66269
735
1639133
736
738
739
361183
754397
734
688867
754409
747
66284
750
751
328430
753
754417
755
752
262898
758
1835767
754423
1114873
1114874
1114867
1409788
754429
761
770
1213187
426756
426757
459526
774
754436
777
459525
779
782
783
784
230158
785
803
807
66347
754476
262957
813
754477
1868589
817
656178
818
820
821
394036
823
824
656179
826
827
590652
361277
656190
831
361279
833
328515
837
839
844
847
849
850
851
885586
197461
853
856
858
859
860
861
263004
1278819
1114980
870
197479
197482
99179
394096
394098
66423
891
66430
897
901
905
907
164750
913
915
916
917
590739
920
1475481
263067
926
927
930
328615
33706
33708
944
948
1639348
1803190
33724
33726
959
964
966
1541063
197575
971
33743
394193
979
492502
983
230361
986
988
989
1213406
1213407
991
328671
328670
2065379
996
33760
990
33765
33763
1003
1004
33773
197614
2032623
1049584
1049583
2032626
656366
1010
2032625
2032630
1015
1014
1017
1018
1019
459770
394239
1028
1035
206
1016852
1016853
1016854
1016855
1016856
1048
1016857
1672219
1052
1053
1770526
394264
1049
1058
1061
1508389
1063
1069
1071
1074
1075
1076
1279028
1279029
1079
1080
1508404
1082
1085
1092
459845
1094
558151
558152
558155
459858
33878
1112
33881
33883
33887
33888
33889
394340
361575
33895
885867
328812
328813
328814
33903
1803372
33905
33906
33907
492660
984175
33910
1082479
984186
1147
984195
656519
197771
33932
33934
33935
33936
33938
33940
33941
1213588
33945
33959
33960
33962
33964
459949
33968
33970
33977
33978
33984
33987
1219
33989
33990
33992
33995
33996
1229
1231
1233
34002
34004
1082580
1238
34007
34006
1245
1246
1247
34015
1249
34017
34018
1252
34021
1254
1255
492776
165096
1258
34027
1260
1261
66797
1264
1265
1267
1270
34038
1272
1273
1274
1275
1276
1148157
1280
1281
1282
1283
1284
1285
1286
99585
1288
1639689
1290
34059
34060
1292
34062
1295
1296
1293
66834
1299
34068
1246484
1302
1303
1304
34073
1305
1307
1308
1309
1310
1311
296218
1313
1314
66851
34085
1318
34086
34087
1322
1323
1326
34095
1329
591154
263475
263476
1333
1335
591160
34105
1337
165179
1340
34103
66876
1343
1341
591166
1346
1246530
1348
1349
99653
1351
1352
1353
1354
99656
525640
99655
1358
1082703
1082704
1312072
66897
1363
1364
271
1366
1365
1371
99675
1374
1376
1377
591202
1379
1381
591205
1383
276
1391
1869167
1393
1394
1397
1398
1399
1401
1404
132476
1406
132477
1408
361854
1639815
1421
1422
361872
1426
66969
2065820
1410467
1450
1451
1705388
1246637
1455
1705393
1459
1836467
1461
1017270
1462
1464
1465
1017273
67003
1246650
1017277
1467
1471
1472
1473
558529
1474
1476
1869245
1478
1479
558537
1482
1484
558541
198092
1487
1488
329164
1490
1491
1492
1494
230871
1496
1497
198107
1501
1502
198110
1503
1505
329186
1082851
755172
1509
99807
198119
1512
1513
1511
1515
1516
1517
1519
1520
1522
1082868
1525
1526
1527
1528
1529
1531
1532
1533
1534
394751
1537
1538
1542
1544
1547
1548
1551
1553
624147
1561
1570
1571
329254
722472
1579
1580
1581
1672749
1583
1584
1967665
1410606
1587
1588
1589
1590
1115696
165432
1410619
1596
1598
1599
1600
1601
1602
1050174
1604
1605
1606
1607
1603
755272
1610
1148491
460364
1613
1614
1612
1616
1618
1620
1622
1623
1624
1625
1705562
99930
1705561
1148509
1629
1630
1632
460384
1705566
1633
1476196
1476197
1638
1639
1640
1641
1642
1643
198252
1705578
1115758
1476200
1648
263793
1650
755307
1652
1646
657014
1655
1656
1657
1660
1661
1181310
591487
1665
2066053
231049
263819
296591
1680
1681
1683
1684
1685
1686
2066070
1687
1689
1688
1691
1692
1693
1694
1697
427683
1967781
329381
1703
198312
1705
1708
263852
1710
1711
1803956
1717
1718
1719
394935
67258
1724
1725
1312445
1727
886464
67267
1732
1735
1736
394958
1744
1747
1748
100053
1750
67285
263892
67294
1967839
1574624
1764
1766
1767
1768
67304
1769
1771
1772
1773
1774
1776
1777
1778
1780
1781
1782
1783
1784
1786
1787
1788
2033405
1790
1541887
1789
1793
1050370
1795
1796
1797
67331
1799
1800
1801
1802
1798
1804
1807
67344
1809
362257
1214225
1378066
67350
1378073
67356
2033437
1823
1824
1828
67365
1830
1050407
526118
1833
296745
722731
1836
1837
67373
1844
132919
1848
67386
1852
165694
493375
1856
198467
1861
1863
2033483
1869
2033486
198480
1874
2033491
1877
1881
1885
1886
2033502
1888
1889
2033503
2033507
1892
1893
1894
2033511
1935204
1895
1901
1902
1903
1476464
1906
1907
1908
1673076
1911
1912
1914
1915
1919
100225
1927
526216
1247113
1930
1247114
264076
1247116
1247115
1935
1938
1940
1941
1943
362398
362399
1950
1961
985002
1963
1836972
362413
657326
1969
362418
1971
165813
198589
198597
198599
1992
1993
198608
2001
985043
2006
198618
2014
985054
2017
2033633
2021
1476583
2026
657387
2030
2033
2035
2036
1902580
2033654
67571
2041
1378299
2045
67581
2047
559104
67585
2051
2052
2054
2055
2061
2064
2066
755731
2074
1509403
1509405
2078
296995
657445
2094
2066479
2096
1411120
2098
2099
2100
198703
2033718
2104
1607738
264251
2107
2109
2110
2111
2112
2113
133190
2123
559180
2128
2130
1312852
2133
559189
2134
2138
2139
2066524
2148
2149
1443941
2151
1509483
2161
2162
2173
329854
460926
329853
2177
2033802
2188
526476
1214604
329886
2209
2210
1312929
985250
166056
67754
67761
2226
592050
2234
2242
67780
362693
2246
2247
2248
362692
2099400
1673428
493781
2265
1050843
1640674
723171
1837282
2285
2287
67824
690417
67825
67827
2291
1542388
67828
1706231
1476857
1476858
2309
2317
67854
67855
2325
1247513
297244
2336
1247520
362787
2340
33031
1476909
1968433
1247546
33034
2371
1214787
33036
133448
2378
395598
395599
395600
592206
493906
362837
33040
297318
1739111
887144
1739113
1739114
2423
67962
2426
1280380
1247613
2434
1477000
1673609
526729
1673631
35238
35241
166314
35244
166318
35246
35250
35252
592308
35254
35258
592316
494016
68033
35269
494026
1903056
35281
1804758
35286
35288
35289
35287
35291
35297
1280483
592361
35306
2034155
1214955
2099693
2099695
264697
559628
35341
1903117
35343
35345
100884
100886
100887
35350
264729
264736
1411621
1739305
1739309
756275
756278
756280
756285
1608255
133704
68170
1903179
2099788
2099789
1739341
2099786
68173
1903186
985683
166485
166486
133720
133724
2230885
68202
68204
68209
1215089
1739379
68213
68214
1247867
1280637
68223
1739394
68231
658057
2702
1739406
68239
68249
330395
330396
330397
2718
1936029
395936
395937
985762
330399
330398
68262
1903276
68268
2741
2743
68280
395961
1804986
2746
2748
2751
690879
35519
2754
199361
2756
1247936
1936080
1936081
1608407
35554
1739491
1608422
396013
1346286
396014
658167
1772282
1772283
1772284
1772285
1772286
363265
396034
559878
35593
2231055
1608465
199441
232216
396056
1608473
1869241
35612
35619
35621
133926
35623
35622
658218
658219
232237
1772333
68402
1510197
1182518
1477437
1411902
1280832
363331
1149773
1280846
1280847
1379159
723802
1182568
1182571
1936242
35703
1477506
1608583
134034
1411991
35743
1444770
1674146
199587
35746
199591
35752
199592
35755
199596
35756
35757
35760
1280946
1280947
1280948
35764
1641401
428988
428990
428992
428993
1379270
35786
35787
35790
35792
756689
35799
265175
68570
756698
35806
2032627
658401
1870820
35814
35817
35818
396268
330734
1510391
35833
2067450
35835
2067452
2067453
232444
2067455
2067451
35841
2067454
65741
166921
887827
166935
1051673
658457
1051675
1051676
199709
396323
560178
1674291
1510457
1510460
1903686
429133
265293
265294
1903694
1707093
1903704
396378
2067550
167019
167021
1051792
1870995
756892
1150112
1510570
1445034
330922
101564
1608898
101571
101570
363716
2100422
1838280
1838281
1838286
1608910
2067667
2067668
1543381
2067669
167129
167132
658665
593133
167161
1871110
1871111
68887
68892
68895
429344
1608994
1608996
265522
396595
2100533
101688
1740090
363837
1051966
1805634
265546
363852
1903952
1150298
363870
298338
101764
134533
265606
134534
134536
134537
1609095
1641875
1150368
560555
560556
1281454
363952
363953
69042
200120
1510841
200123
200124
265668
134599
134601
1117645
134605
1248727
101850
1871336
691689
134632
2231787
2100723
2067957
2100726
265719
2067960
36343
2100725
1805819
2035198
2035199
364032
364030
2035200
265726
2035202
2035201
1117702
1183239
2035208
2035209
1183241
36363
1117707
2035213
331278
2035221
134681
1543706
718
1379870
1478174
1543721
2035242
2035245
2035246
2035248
2035249
722
2035251
36403
1642040
167481
200253
1379903
1969733
659014
1379909
1379910
659018
36427
1478221
2100817
2100822
1936991
1052260
36453
69222
69223
888425
1805930
1805933
233100
2035344
1183377
1576605
298654
69279
429727
298657
429728
134821
364197
364199
364200
1674920
1674923
1445552
1183412
1183413
200378
200379
134849
69322
298701
167634
754
265949
265959
265960
102125
102129
2035447
2035448
69370
2035451
2035452
462590
102148
1871628
69395
266009
1445657
1675036
298794
134959
134964
1642299
528191
134984
1249101
1904462
1609559
102232
331618
233316
528244
364410
331648
36740
36745
266128
1150869
69527
298908
331679
69539
36772
561061
1707952
1740721
331697
331696
2133943
2133944
987063
987066
2133947
36805
2133958
36807
36809
1118153
36811
36814
36816
36818
298965
36822
36823
298974
36834
36841
36842
36844
36845
36847
36849
167927
36856
1118202
36861
36873
36874
36875
1150989
888845
1150991
1150990
561176
1609758
561184
69665
69666
69664
659497
462910
1413210
1413211
1904757
1937528
299146
462991
299152
692370
1642646
1642647
463014
1118379
1806508
463025
2068657
1249467
463035
69824
299200
463040
692418
463044
168135
200904
659660
1642702
561365
1544413
1544416
397544
1609968
626929
626930
626931
626932
626933
37108
299255
1118451
626937
626938
626940
299262
332032
1544451
37124
37126
1675527
37128
37127
69895
1249552
1249553
626962
332054
102684
1147140
200989
200991
1147143
1147144
1282360
1282361
1282362
1282363
233784
135487
1904962
1642818
332101
2036037
69960
1147149
1806667
69966
1147150
1511761
168276
37206
1249627
561505
1249648
2003315
430453
2003327
1249676
627087
135569
135577
332186
1380763
1216932
233894
1675686
1511847
561576
37296
430522
1511871
168384
430531
463301
1642949
102862
37326
37329
37330
37332
889306
2036206
1905142
627192
266748
266749
37372
1577474
266762
1544718
1675792
1348114
168471
266779
1217052
463392
70177
1806885
1806892
266799
1970738
135735
561720
266809
266810
70203
135739
1086013
266812
1348163
1479235
1479237
1446476
1544798
2003551
365150
37482
889453
70255
70258
430710
332411
1905289
266892
1839759
1381007
1839762
135826
1544861
1348253
856736
1839780
889510
1839783
2003629
37554
332471
1839801
1774273
2003650
2003651
70346
430796
1577684
1250005
561879
1381080
1381081
1250026
332524
1708783
594679
1610489
168697
1610491
1610492
1610493
37625
37636
37637
1250059
496396
627480
37658
37659
365340
37665
365349
1872678
1348393
37692
463676
2069310
430911
103232
1577791
1577792
660294
561996
1348429
561998
561999
1610576
1545044
1479524
37733
37734
168810
1053551
267125
398199
37752
267128
1446794
136084
1282967
1250205
693153
1938339
1643429
1577895
1577896
1577902
1577903
1577904
1577905
1282994
1282995
1250229
2069432
1643452
70600
267212
5068
1610703
1184720
70611
431059
431060
431061
1840095
136160
168935
307120
300019
300020
300028
1807358
1283071
1250303
1283076
1283077
1283078
1283079
1938440
758793
1905677
758802
758803
103442
267285
365591
37915
37916
37919
37921
37923
660517
660518
37927
37928
758825
660520
1905730
37961
136273
1381464
1840217
1905758
889951
1905759
529505
889953
889955
267364
267363
889954
889956
267368
267374
267375
1044
201862
1315974
758918
70793
38026
857227
70796
300181
332950
332949
300186
464029
1217699
857252
431269
1348774
70822
70823
496807
1217707
1217708
1938604
169134
1938607
1938605
1938609
1217714
857265
332977
1578165
38062
2200760
2200763
2233532
857276
2233533
103621
2233542
332999
431306
431317
169177
857312
496874
1250539
1348852
1348853
201973
857335
201975
1217799
1217810
136468
1873176
38170
398626
529704
103722
1938745
1938746
529731
1938755
1938756
1676617
857417
169292
234829
333138
234835
70996
333140
333142
136548
398694
103782
5480
1774956
1938801
71030
71032
2200953
1774970
300411
1774971
693629
1774969
693628
1938816
1938814
693627
103807
1938817
2135430
103816
1676683
38284
1971595
38286
38288
38289
1938835
38293
2135446
38300
38301
38302
38304
38305
1938849
38307
38308
1938853
38310
2135459
38312
38313
1938858
2135462
1938860
2135469
2135470
103855
529840
1217969
2135474
38323
2135471
1217970
2135477
2135473
2135476
2135485
2135487
1938889
2135498
103881
2135500
1938893
2135502
169427
103891
169430
169435
529884
595434
988656
1414644
398839
1054202
398843
2233853
1414654
1545728
2004485
529929
595468
300560
71186
5661
333348
2135589
2135592
2135593
267818
5679
890420
333367
333368
2135609
2135611
2135613
2135616
5698
2135619
2135618
71237
1414727
2135624
1873482
267850
1873484
1185359
71253
1644118
66266
2135642
1087068
2201181
661089
1644131
38502
2135660
661101
5741
759412
1873524
2135670
38525
1808001
988801
693892
595589
693894
1185415
2135694
1906324
988821
136857
1906333
1906334
104099
2135716
104101
104102
2135719
2135720
2135723
2135728
2135729
2135737
2135738
2135741
2135743
267970
2135747
300740
1414851
71366
2135758
169679
2135760
366289
169683
595670
2135771
71388
1578720
169696
2201324
2135789
693998
1742575
693999
694001
2135793
1316596
694006
694007
694008
694015
235266
2201350
1513224
71433
2201356
1054480
2234132
431893
1513237
431894
1611544
300825
71451
71452
169760
1349409
1054498
1349410
136996
169765
1120045
1546029
1349421
1513271
759620
202566
104263
202568
1775430
1316679
300876
104268
300879
399185
2070366
563038
2070367
2070369
2070368
1447782
33756
38766
38767
202611
1316739
1742724
333702
169865
104336
38804
661399
1972128
1546149
1480615
563119
563122
563123
1742774
595895
33771
366522
1218490
1218492
1218493
1218494
1218495
104388
366533
333767
1218506
1218507
1218508
399314
38875
1185766
563176
71657
1114924
366584
202750
661505
2004995
2004996
2004997
2004998
2070537
1742858
366602
759821
1775636
202772
366616
366618
202789
2496551
759851
137265
1906741
1906744
1906745
366650
1382456
497724
497725
1382466
497735
2267226
301148
2267229
2267230
2136175
2136176
2267251
39029
268407
2136183
1513592
1742973
1284222
759938
104580
104581
39046
399497
333962
2037900
333968
530584
333990
104623
432303
104628
989370
1349819
6334
39103
202950
202951
202952
497865
202954
202955
202956
497863
39113
1972431
104663
104664
989403
2070761
39152
301301
301302
1317111
1054968
1317114
1317116
1317117
1317121
1317122
137475
1317124
1317125
1775876
1054996
71972
1743141
1775910
2201895
1743144
1743142
1743146
2201899
1743143
497965
1579316
694581
858423
1743163
1743164
71997
71998
71999
72000
1743166
1743169
1743168
72003
137545
1448271
1775951
137556
1775956
72022
1294
137584
1612149
1415541
137591
399736
1415542
1415546
334203
1415544
1415549
399742
1415551
1415555
1415557
1415558
1612173
1382798
1972623
1874317
1972626
1382803
1186196
1120658
1579424
203168
1513892
1513896
1612202
1612203
334253
1776045
1120688
137658
1120705
268746
268747
432587
1841610
2005456
1776081
235986
1776083
2005459
235985
235987
367061
2005464
2005460
2005458
2005462
1120751
1841654
104955
39420
137730
137733
2038277
72197
858640
367121
39443
1612308
137758
1677857
1677858
2202148
170540
137778
137779
2202164
2267702
39480
39481
39482
39483
2169400
39485
39486
563769
39488
236097
39490
2169410
2169409
1808959
2169414
39495
39496
1284680
170573
367190
1514080
1677920
137838
1907311
72304
1345
498292
1514105
170617
170623
1972867
465543
1383052
1383054
2202254
1383055
1383057
1383059
1383067
170651
1284775
170673
1678002
2169526
170679
400055
1907390
400065
2169540
1907397
1841861
1907399
367301
1841860
1907403
1678028
334542
334543
1907408
563922
1776340
1907413
39637
1907415
39640
1907416
400092
39645
39650
2267882
39664
400121
400122
39681
105219
39687
1776392
39688
39692
39693
39695
563996
1350429
1776423
39720
301865
2033406
1678128
2202420
2202421
1219383
465721
1678143
1612624
39765
2169687
138072
269145
72539
662367
39777
39778
2169701
72556
72557
39791
531312
1907575
2268024
39803
2005884
2169725
334715
1219465
301967
564117
760732
465820
269213
39841
564137
629680
2294034
2137016
72638
1481663
728005
1579979
170965
236511
2169824
564198
1055723
2169841
170994
302069
302070
728056
728066
859143
400394
400396
39950
1121298
203795
1547283
302100
39960
39962
1219626
1940525
72750
1940526
2169905
2066022
2169908
1940533
498741
1580092
138300
990271
302167
2006110
138336
1645665
72803
1776741
760939
1645681
40050
2169971
40052
40051
1776758
1285242
40059
466044
40061
2169984
2169985
2169986
2169991
2169992
2169993
2169994
105612
2169996
40091
498846
2071715
990371
990373
1481894
171194
2202825
2202827
2202828
433357
1907939
1973477
1907941
367850
2170100
2170101
1187066
1547515
1547516
204038
204039
2170119
204042
236814
171279
171284
40214
40215
40216
105751
171291
400668
2268447
1678637
1940789
204086
1940790
433462
138563
1547597
40270
40269
335187
1416533
990550
40279
40281
1482074
40282
269660
138595
1842532
531813
531814
335204
1842534
269670
34061
1842537
1842540
1842533
1842539
652787
302449
105841
630129
171383
1088890
40318
2170238
40324
2137476
400772
1678728
73098
171404
40335
302484
1514904
1383844
1383851
171437
1416627
335286
630199
1220025
2071994
1383885
237018
1514971
237019
1285600
531939
1908198
564714
204269
1908205
1777135
1777133
1777137
2039281
1777138
1777140
1777141
1777142
1777143
1777144
1678840
990712
1678841
1777139
859650
859651
499207
1908235
1908236
237069
1908237
1908257
1908258
1908260
1908263
1908264
1842727
400946
1580596
40518
40519
40520
1416776
40522
1416779
2203212
40523
40521
1416778
40537
1416803
1416804
1416805
1416806
1416808
532074
532075
532076
532078
1089138
40571
40576
1154689
40578
401040
1547922
564886
204440
171674
2006685
1777322
2039467
171693
40631
2170551
40640
138948
138949
138950
138951
663241
237258
73422
2170575
2170577
40666
204507
204516
138982
1548018
630514
630515
663282
630520
1056511
1056512
1646340
433924
139021
368405
73494
73497
73498
2203419
1089305
1646373
1285928
1646377
106284
1908525
991022
237373
1679169
1679170
565073
270161
1318743
1548123
106331
1941346
499555
499556
761701
761702
2170730
2170731
2170732
2170734
2170735
1548151
106370
2269061
237446
40841
1220495
1122204
1712029
1089444
106412
1515439
1548208
1548207
335797
1548213
2072509
499656
335819
761804
1122252
1286093
1908690
1122261
368603
368607
368624
1581050
204799
1286148
663557
1581061
237576
172042
1384459
1187852
172045
172044
270351
172043
1631
2072590
40979
1581069
270374
1056807
237609
237610
1187894
663609
860221
401470
401472
1810504
204873
860235
1581134
1679444
41047
335963
106588
1515613
106590
368735
106592
368736
1515612
73819
1679460
335973
335975
1679466
1679467
41067
237679
237682
925818
204928
1679489
1679497
106634
270478
106648
663704
106649
401562
696472
106654
237727
270498
1450148
696485
434346
368812
1450169
204987
172220
303300
41170
401619
303317
1777878
1777879
1777880
1777881
1515746
467174
41202
2203891
1712383
1548547
467210
2072846
2072847
303380
1745182
925983
925984
74031
74033
41276
66821
336203
270673
762209
762210
762211
172391
2072936
1679721
1581420
1843580
74109
1843581
2072972
336292
303541
696760
696762
696763
598467
1548749
2138576
106962
598494
1188319
1745378
1810919
41459
41460
1581557
1712645
1712654
1712665
467481
696863
1876515
1712678
1352230
631345
1843773
631362
270918
74318
2073169
1090133
1221206
139870
139871
139872
2171494
1155689
369257
74348
1581680
762486
172667
1122941
598660
1450648
631455
1286821
1286822
172713
336566
74426
41673
565995
369401
1811193
271098
271108
172827
1680160
41763
762660
41764
1844006
271157
107324
107327
1352511
2040648
2040649
533325
1647455
172901
2171749
2171751
697192
1155944
2171755
1778540
861044
861045
861047
1221500
500610
107401
1287055
271257
74660
1385385
336810
41899
500654
1188794
1188795
336829
336831
2302915
1909700
238540
1188812
1287116
402384
402385
1188819
762836
762845
402399
1778675
41977
795642
173053
566270
1221637
41997
42004
566293
1123352
1254425
140314
1319979
205868
205869
205870
205872
205875
205876
205879
1090615
336959
664642
2171975
2171979
205899
304207
861266
205908
1287252
664662
468056
468058
336988
664683
42094
861298
861299
205941
1287292
337042
337043
337052
369822
402596
1287336
402600
1582270
1385663
1385664
2172098
2172099
2172103
1221835
664784
2041044
42197
2172121
74969
1385699
238834
1844474
42234
42236
1156355
1189126
238854
369932
42253
42256
501010
1484053
1746199
1484056
107804
501024
1156395
402734
173365
1353016
140626
42322
1484116
1484118
337243
75105
2303330
2303331
2303333
2303334
1582439
927083
1221996
99598
42354
1680762
173443
566679
1975705
2303391
1123754
1123755
1123756
665007
1549748
1486859
2303421
1123773
402884
1353158
665032
665033
42443
42444
1189325
665038
1385935
108003
1844708
42475
1091052
108015
1549810
1549812
173559
271865
1385984
2041346
665099
665102
1549850
75293
75294
1549855
665118
665126
2041385
1353260
1812012
1287727
2303538
2303539
1287735
1245909
108098
206403
42565
1386078
2008672
2008675
2008676
1386090
173675
1386092
75385
75387
1123964
1779330
42631
173707
435880
861865
206506
42680
435897
42684
1484479
796352
435906
435908
435910
1287878
1550024
796379
2172650
1844971
2172652
1844972
173824
272129
2303749
2303751
42764
1519492
1648404
1681184
272161
337701
1681196
1681197
993070
993071
993073
1353528
1615673
1615674
42817
501571
75590
206665
1124188
370526
1714016
436066
1517416
42858
42862
1156985
665467
42882
75658
239498
436114
1484693
1550230
1550231
173976
337823
1550240
1550241
337826
1550242
173990
468911
75697
927669
862134
370622
370623
632773
108486
665550
75746
75747
108528
2303986
2303991
2303992
1583098
1419263
10243
10245
10255
10258
436243
10261
10266
1943579
1943580
10271
10273
10276
1615909
141349
10288
43057
1353778
43064
10298
174142
10310
43080
370764
141389
10317
1943631
1943632
10320
10325
10326
1714264
10331
10334
10335
1714273
174178
10345
75888
10353
10359
43130
43131
632955
10366
75906
10372
10376
75914
10381
141454
370833
1255570
10386
10385
75922
10390
10397
1353886
338079
10398
10401
10406
10407
1714344
1714354
1714355
1255613
1288385
1288388
1714373
2042057
75985
10449
10454
10455
1288410
1419482
10464
1124577
1124578
1550566
43240
1583341
2173168
2173169
2009329
1550579
10484
1616117
76021
2173175
2173173
76022
2009338
2173174
2173179
10493
10497
796937
10506
338188
796942
370959
502049
436515
370979
43304
10537
2107688
633131
43305
2107693
1124654
633135
1288494
665913
665914
239935
2107713
10561
10564
10565
10567
10570
43348
1255765
1583451
76123
371042
305507
633194
272751
1157490
1812858
10623
1911175
1780103
207240
1550728
10640
10641
797075
1321365
10649
10651
993692
10653
10654
1485217
10658
10661
1321391
108980
108981
10678
436663
10680
10679
764348
10685
10689
403905
10690
10693
1452487
698828
10702
10704
10708
10710
1452508
10717
10719
403935
76258
1124835
10724
10726
207340
207343
1124849
403957
10742
1714681
1714682
174587
1157630
10752
10754
10756
10759
10761
1649169
1190417
272918
10778
1813019
666144
928289
240169
174633
76335
1190451
1747507
76343
1354301
10815
10817
10820
600645
1944133
10826
43595
10829
10830
10831
2304594
10834
10836
10837
10838
10839
10840
1223259
1223260
1223261
797277
2107999
502365
43617
633440
10855
797291
10862
1649266
1124982
502393
305785
10879
305793
43655
273032
43657
43658
1780362
43660
43659
43662
43663
43661
764561
764562
43670
43671
1780376
43674
43675
469660
1714845
43678
1714848
2304677
43685
43687
1714860
240302
240303
109232
436911
1682113
371401
109264
109270
862943
862944
404196
76517
10986
797419
305900
10990
10991
10995
43765
43767
43768
43770
43771
11002
43775
43776
11008
1288970
11020
1387277
1354510
11021
11024
1485585
1354514
1354512
11029
142102
11033
11034
240412
11036
437022
11039
11041
568098
568105
568106
240427
76594
67327
76595
1747766
305977
11072
11079
11080
11082
11083
11085
11086
2042704
11089
1387353
338781
1715052
240492
240495
1911679
11137
99907
1026955
1223565
1616781
371601
371602
1616788
1715092
43928
502682
2075548
1190813
2075552
2075555
1518501
404404
404407
11191
76728
1616823
76731
1747903
1977292
633807
11216
404433
11215
43989
633813
207830
43992
1715157
11232
11234
76775
44008
273384
44009
44010
699370
44007
11246
2108399
11250
28288
44024
44026
863227
11269
1879049
1879050
666635
371731
11292
76832
699431
699433
11307
1453103
76853
44088
1977402
470074
666685
666686
76875
207949
732237
437329
2042962
2042961
207954
928856
306276
1813611
404589
44158
1617025
470150
76936
208013
76947
306323
470166
1027232
535712
1813677
1027249
1027253
437444
240840
1027273
1486034
208084
208086
44250
44251
44252
77020
109790
666859
77048
142585
142588
1355015
273677
765201
929051
2043169
863522
2043170
77095
1453352
77097
994601
470314
1289519
11569
1682742
142651
1158459
339268
142661
1748298
1912139
535898
1322334
208223
11620
11623
372072
1387883
306540
306541
11628
11631
11636
1813876
11642
1125764
11657
404875
11660
11663
11665
404881
11673
11676
1256869
470453
1486262
1813946
11709
404937
11723
568783
536018
667093
1125847
339420
11746
1715691
1715692
11757
1715693
667119
77298
1125876
11768
241145
142842
1519096
142843
1781255
175628
11788
1977873
536081
1977875
536084
1977876
536086
1977879
1158680
1977881
1977882
1977883
568860
1977880
44574
44575
44576
44577
77344
1191459
470565
568872
1617448
11819
1420851
1977909
11830
1977911
1977910
208439
11834
208444
208445
634430
1355330
568899
568898
634436
634441
1125964
11855
11856
1519190
11867
241244
503388
1125979
208479
208480
1715806
11885
1420917
11901
437897
437898
437900
11958
11970
44742
175814
11976
11978
44752
11986
11987
208596
1355477
11988
995034
208602
995038
372457
995049
110321
995060
995062
12023
12024
1552121
995066
1552123
765699
372484
241416
12041
12042
12045
1519374
12049
1814289
1715989
12055
12056
1912599
1027869
12064
1027880
77608
470826
12092
77635
864069
765765
175950
77647
470865
470868
1126245
1159016
12136
12138
1159017
12139
1519471
12143
12144
2010998
143223
12152
536441
143224
2174842
12151
2174845
536444
328061
12154
12158
44930
77698
1519490
1519493
12166
536453
44933
12169
12161
12162
12167
12173
12175
12177
536466
470931
470932
2109333
470934
12181
12183
634771
339866
12187
12188
536474
12182
12194
12196
12197
12198
12199
1945509
110505
12202
12203
12204
1716141
12205
307119
1945520
307121
12209
864178
12208
1716143
12211
12215
12216
1945521
12210
405436
12222
12224
12227
405444
12228
405446
12230
12232
2011081
12235
110539
12238
12239
12241
12242
176090
1912795
12253
241630
1650659
1650660
12260
176102
12262
12264
12263
176106
12261
12268
1945581
12267
12271
12273
12274
12275
77813
12280
12282
12285
12286
12287
45056
12288
208899
45060
12294
12295
45065
45066
45067
45068
12301
12302
45071
45072
45073
45074
12303
12305
929813
929814
2011159
45076
12313
12315
1159195
12317
667676
12319
77856
12321
1945634
1519643
1912871
929832
929833
929834
929835
12331
1912877
12327
45103
12336
405554
307251
262968
340021
12348
405564
1945662
1912897
208962
110662
208973
340054
1749078
77917
700512
1618022
12390
274537
2175090
12402
2175091
1421430
12407
1912961
12417
143495
1093773
12431
12433
12436
471189
274584
209052
1159327
274592
12450
12451
45220
45221
176292
405671
45223
45224
45219
12465
12466
340146
45237
12470
766136
12473
2109626
12475
45243
45242
12472
1192124
12480
635076
438482
340187
1192162
1126627
1224947
12538
2175228
2175229
1945854
1945855
1945856
1945857
1945858
1945859
1945860
1945862
1945863
1945864
307467
12558
2175247
766224
307480
1618204
1618207
2109729
2109731
12585
45361
45363
1187851
930114
373058
930117
930118
12615
12618
930128
930129
930131
864596
12627
110935
45406
12639
930146
12643
930152
12657
930166
1552759
930168
340345
209274
373126
1651082
1109713
45455
2044307
536979
78229
45462
536980
2077091
111015
1225127
1847728
78257
1126833
45496
405946
12730
45498
143813
12742
471498
1389004
1389005
1389006
340435
438744
2109913
2109914
471514
2109915
307677
438751
12777
2109933
12783
242163
2109942
78331
2077182
438782
111105
569857
1323523
569860
1323524
569862
78343
78342
12809
78345
78346
1323525
78344
12814
1323529
176652
1356306
569882
504346
45610
12844
78395
45634
406100
12885
12889
12890
45658
12893
12894
45661
12896
12897
12898
12895
12901
45670
12904
1094249
12906
12907
78448
701041
701042
701043
209529
2175619
373386
1389204
1520277
373398
144026
373403
373405
2175646
2175647
373407
2175645
2175650
373412
471717
504486
1389223
504487
2175659
328225
1094342
78535
1323738
1323740
1159902
1159903
1159904
1323745
1159906
1159907
1159908
439014
1848039
1913576
1913577
439015
1913578
439016
1848038
701175
78587
1291006
1880836
1880851
13076
471827
1880855
45851
1356575
570156
471858
144185
111418
406340
406341
996166
1684312
1225564
1848158
242527
1487726
111470
1028989
111501
45972
1160091
45979
373668
373672
340907
1225644
373675
242606
1225647
439219
1225655
340921
1225657
1881019
439228
1127357
209854
46014
1520580
46021
1881030
1881031
1881032
668618
1881035
111564
1881037
1881038
1881036
1881040
1881041
1881042
1881043
1881045
1881046
1881047
1881048
209880
1881049
13276
504797
504798
1881054
1881056
1881057
504800
1848291
1881060
504805
1881061
1848292
1881062
1881065
1881067
1881068
930804
930805
996342
2044917
537601
1881103
1881110
1520670
46124
46125
46126
46127
1487923
1356852
341045
13373
1225790
1487935
341053
930881
1225795
570446
701523
1127514
1586267
1127516
1127515
1127518
1324128
46177
1094755
373862
472175
1586287
472181
46206
308354
1979527
1193095
46223
46224
46228
570519
570520
570521
1520801
46242
1520802
111781
1520806
1520808
1520810
1520811
1520812
1520813
242861
341167
46256
111806
439491
996558
341220
439529
373994
1094892
1291515
1520893
111874
177413
46342
537874
1848595
2045207
2045208
1848601
1324314
2045210
2045209
2045214
1619234
1291556
1684789
2045244
1324350
1324352
669008
1127767
374106
46429
1914209
111970
1389922
46436
1619308
1389932
1619309
46448
669041
1619313
144752
1848690
1848693
243061
1848692
13689
13690
112002
1914243
1848717
439699
112023
1848729
505249
505252
79269
46503
46506
46507
1848766
1914304
996801
1914305
505292
46541
13773
1717717
2012632
767452
79329
505317
407020
407022
767473
407035
407036
505341
2045438
2045440
2045441
505345
2045444
472582
472583
2012679
505353
2045451
1521167
1160721
1685010
308754
1586708
1455638
46618
46619
767519
1226301
243261
570947
1848903
1848904
1324617
1750599
46677
1226327
112227
112228
112229
112234
407152
308853
472694
472693
112248
407159
472705
1128071
374422
1816218
1816219
702113
702114
702115
1390249
1750698
1914540
46771
1128118
1128119
1160895
1750719
407234
1849032
931529
931533
931534
1849041
1193682
1980118
341721
1783515
79604
46839
1292023
1652492
538381
1652495
46867
112413
112436
112437
767806
46914
46917
46919
374606
1849168
1849176
407392
1357669
440168
243563
145262
571254
571255
571256
1685378
472963
1685379
1914756
1685382
1324934
1685380
210827
47000
1324959
1390498
571298
767916
2144175
604088
604089
309181
1259464
1423321
1423322
1423323
1619948
342002
1357825
1226757
79880
79881
1980426
79883
79885
1030157
1849359
1849360
1980433
931866
178214
1980456
79917
571438
1095727
79918
145458
1980467
1980471
1980486
1980490
1980491
1980494
1914963
1357915
1357916
79967
1095776
342113
1095778
1980521
1194090
1915004
47229
178339
178340
1489064
211114
178354
178355
178356
1915063
1915074
440515
440514
374981
1915078
1915077
393663
47311
47312
1226968
178399
932069
932070
932071
1620215
112900
112901
112903
112904
1325335
1358104
702745
735517
1882399
1882405
1325358
47416
1227077
538979
670052
47466
932213
670078
47490
1751427
375175
1849736
2013577
47500
1620392
1915309
178606
1915319
1194427
145854
145856
145857
1030595
670154
670155
408015
113107
1653207
866786
1980915
375286
2079227
1325564
211460
1980935
1915400
571913
408074
1128970
1227276
571915
571932
571933
342564
670251
670252
1096243
47669
1096246
47671
47678
244292
1129033
866889
408139
1129035
244310
1423959
178774
1227354
1227356
146015
146017
146018
47715
47716
146020
572010
1882734
1849968
146032
113268
47735
47736
1882747
47740
1882749
1882750
1882751
1882748
1882753
572036
1718918
1522312
1882760
1882761
244366
1882768
1882769
1194641
1882771
1882772
1882773
1882774
47770
1718947
1325731
506534
1718951
1555112
1981098
1981099
1882795
1161901
1161906
1129145
1653434
393762
1522368
375489
1882821
1882823
1161927
1718985
1882825
1161931
1882828
1882826
1161935
1882831
178899
178900
178901
1161942
1718998
113370
47838
47839
1424099
2079460
47845
1653476
47847
47850
1129194
47853
47854
637679
47855
47857
47858
1850093
1981174
47864
47865
47866
375546
2079485
47871
47872
47874
1194757
47884
1686285
1489678
441103
670482
375574
441112
47900
1227549
441119
47903
1686310
506668
47917
47920
932662
47929
47951
572239
244566
2079575
310103
146269
1162083
703340
244589
703342
244590
1686381
2014065
441209
1850238
1325953
48003
1850246
1784712
1784713
1850250
1784714
1850252
1850254
113553
113562
113567
342949
1424294
80842
48076
375760
80849
80854
80866
80867
80868
80869
343013
1850347
80876
80878
80880
113653
1457141
1850362
1752064
1457153
211977
1391627
867345
637971
310297
310298
310300
1391653
1391654
179237
1162280
146474
146475
146476
2079793
1195068
1195071
1162304
1195073
1162306
146499
146500
1162305
1981510
212035
1981511
1096779
1195085
408657
1457233
1391702
146536
146537
1490030
375926
375927
1293439
48256
1293441
1293442
1391746
81037
1850517
441500
539813
48296
1162418
933059
933063
1096929
310539
1424659
1424661
1883416
474394
2211104
1391910
1391911
1785128
2211139
2211140
2211142
146762
2211146
1752398
2014542
48467
474454
1817963
245101
1031537
1195378
1031541
1031542
146806
1260918
146817
146819
146820
296210
1949067
146827
2211215
1129873
638358
671126
48544
540064
540067
540068
1031594
114090
179636
277944
245187
245188
114136
192021
310749
343517
310750
277988
146919
146922
146923
192025
310769
671218
192027
310779
310780
310781
310782
81408
81409
1588755
48664
48665
2211356
2080288
671266
671267
81447
81459
1490484
1293890
1293891
81479
507474
2014805
48727
1982044
1130080
573024
147047
376427
1654388
2211445
310907
179838
1293961
441999
573074
638617
2014877
2080416
81569
179879
2014887
376489
81582
81583
212663
212667
1621700
409287
1162967
1523417
1523420
1523422
1523423
1523425
1523427
114404
999141
1523430
409322
507626
2080494
1195760
114416
573171
1195763
573173
573174
573175
1720063
147206
147207
263723
1851148
179995
212767
868131
48935
48936
376620
2080573
2080574
1294143
343874
2080582
474950
474952
2080583
474960
48981
114527
114529
2015076
507754
1326968
1032072
573321
311176
311180
409486
376730
376733
933800
245685
114615
1327035
311228
311229
1327036
311230
1294267
81857
81858
180163
475075
1097667
475081
180170
475083
475082
81877
344021
344022
1621989
1720294
180197
442341
638953
2080746
2080747
2080748
376820
1196024
1735685
114686
999423
999425
180230
81931
81947
1916956
639004
49186
311333
311334
213034
475178
1196083
1261623
933944
573497
180282
180281
573501
1196095
1261634
1261635
1261636
1261637
540747
1312363
1261657
114777
1917019
1622118
1884263
1851505
311410
49267
475255
49280
573569
49283
934019
1458307
1163398
934027
1785996
1884310
573591
1851544
573600
475299
49319
1032362
573615
1851568
180399
1458355
1458358
114871
1851577
49338
49339
147645
114881
1884358
1884359
1884360
999627
1884364
1196237
1884365
1196236
1884368
1884369
1884367
1884373
82135
1884377
1884382
114921
1392877
1458425
1458426
1917180
147709
147711
213248
1818881
2048263
1032457
1884432
999699
999700
180504
2048283
1458461
114977
1982755
573737
1982761
1196353
540997
442694
1458515
442709
147802
1229152
1229153
1392998
180587
1229165
1524097
1393034
49547
409998
246167
82348
246191
1163710
82367
1655234
82374
999883
82380
573900
999894
410072
1229276
279006
1393122
1917421
1884669
508419
2048517
246280
475662
279058
442899
1327635
1524254
508451
2048550
1524263
508460
1917485
213554
279113
213588
180822
574040
1196647
82541
213633
475777
2048654
1655439
574096
1327764
1327770
1327771
1327772
1327773
2048670
246432
344736
1327777
1327776
180903
1655491
312008
312009
82633
672460
1229520
1229521
410332
279262
82654
49891
1884904
115433
1884905
1884907
1524460
49899
279280
1884913
1884914
82676
1655543
82688
279303
443143
443144
377611
443156
1131292
2212651
49964
344880
344882
1131315
1131316
279360
1327937
1327947
1327948
491893
279383
181082
1327968
115553
1327969
1327971
1327970
1327974
312168
1327977
115561
1327981
1327983
82801
1327985
82803
82805
1327990
1327993
1917820
1917822
213888
2048897
2048900
2048901
1917830
574349
1328030
1229727
869279
2081702
1917863
1819565
1000373
1229751
1229753
1262527
1262528
1262530
1262532
1262533
1262535
1262536
1262537
1262538
312273
312274
312275
1262550
1131485
148448
1983456
312295
279530
279538
312306
1262585
246786
246787
1774968
1295366
1295392
82977
82979
82981
82983
82985
82987
82992
82995
82996
1918014
1688639
115783
1819727
345167
214095
1229909
1688671
574560
115808
1852522
345201
50290
50292
1688693
50294
148603
148604
640136
410764
50338
345250
541865
2081962
2081970
1131702
246969
574650
574651
2213058
640205
687355
2213079
2213080
443610
312540
345309
181487
574710
83191
1295612
687364
345341
687366
1295626
509200
279824
2016530
83219
279828
115991
279832
1295642
1656094
2049319
247080
1164594
2049333
935223
935224
361731
83262
83263
148814
2213200
2213202
869719
279896
116056
83291
116085
116090
935293
148879
148880
1197477
214439
181675
2049453
83382
214473
83401
148943
574930
574934
607711
607712
476652
83449
83451
83456
640512
83460
1230341
411153
149016
280093
50718
50719
345632
673318
935473
345663
83526
280145
83544
2082395
673372
673376
83552
83554
83555
673379
83558
83559
83560
411248
1033846
640635
1033854
50817
542343
1197717
444060
83617
1033900
378543
444093
509635
83655
1853130
83683
247523
673521
1033976
1492737
1492738
280332
280333
1591054
50960
935700
1001240
444193
1591085
345907
83765
83767
345922
214851
214853
739143
214856
83784
1886027
2049881
1853278
870242
214888
1034096
1197950
1853311
640897
1034125
51101
1492898
935850
640938
640943
640948
1263550
1427391
378833
1918945
1918946
509923
1918948
2050038
641025
51203
1263625
706570
83986
1460244
313367
313368
444444
673839
84022
84023
84024
84025
84029
84030
84031
84032
182337
1198144
1198147
1427523
84035
673860
936005
346185
1099853
870482
870484
51288
313439
1755241
1034346
51313
280702
215167
84096
51330
2082949
51336
1198219
84109
84110
84112
1231000
51354
51363
1198245
51367
84135
51369
215220
1296565
215221
444597
1296569
1296573
84158
379075
1394889
2017483
2017484
2017485
411854
641238
936152
379097
248026
1034471
313589
1853690
313598
313603
674054
313612
313625
1296669
1231134
1132836
280871
411945
411959
84292
1231180
1984871
1198456
1165689
51589
1788301
2017681
2017685
84378
1460641
117157
575913
575917
575918
1690039
51642
444859
444860
444861
444862
379329
1231298
477641
444875
444876
444878
51663
51664
51665
641487
379347
2083279
51669
51670
117198
51676
51677
641510
1231334
477680
1329650
182773
477690
444923
870908
248315
1755647
281093
1165841
150033
215578
1165852
215580
2050589
150055
150056
84521
84531
379482
936548
150121
150123
1690221
379501
84589
84595
576117
576118
1329781
936572
543360
641665
150146
576131
248452
1690244
1690247
1034889
1985169
1985170
1985172
641691
1755811
281252
215743
1034943
84698
412383
412384
674529
150248
2018025
903915
84724
84725
2018041
2018042
1166073
1166078
346881
346882
84739
346884
346883
1133319
150284
150285
150286
281362
1985301
281375
346911
1002273
871203
641832
1526571
1559339
445227
903983
903984
936756
478010
150340
379728
281456
314235
314236
314237
1526658
314253
674703
1330070
1395607
1395608
1100699
871324
871325
1100704
1100706
314275
52131
52133
1100707
52135
314277
314281
314282
1100711
2116518
1100720
117681
1166257
1100724
1100725
1821621
2116544
2083786
1526735
314344
510955
379892
379893
1756150
1100790
1756149
445435
1592317
2018303
1166337
52226
2018305
1166340
1100814
1297424
52242
412690
1002526
1231903
2116657
1199154
52274
52280
642111
1461322
445516
1789004
216142
347219
511062
1461337
1461338
2116700
2116701
85085
2116704
1264737
576610
576611
904291
2116706
183417
1854586
1854588
543876
543877
674954
1526927
1428626
1428628
1330330
674971
871584
85154
1985698
1428644
1297570
674983
1920168
1985704
1428652
1002672
642227
1133751
347324
445629
347326
1985726
347328
1690815
347327
642251
642252
642253
642254
642255
642256
1297617
642257
642259
642260
642258
52441
52442
871651
871652
1002724
1297645
1297646
2182384
2182385
445683
445684
445685
445686
445688
445692
445693
445696
937218
1264899
445700
675077
183556
1821960
445709
445710
2182425
2182432
183585
1789224
118060
118062
216371
1592629
1330491
871741
249151
1461582
1297742
52560
1985873
380244
1985876
1297750
478550
85336
1330520
380248
1330524
249188
249189
52584
216427
118126
937334
118140
413066
347534
347535
216463
1035662
85402
85404
1920420
1920421
1920422
642478
576948
1035707
1461693
1461694
85454
52689
183763
52694
52697
52704
2051553
380393
1986026
1986029
151043
249351
445960
249352
445961
478744
52764
708126
52767
1822240
52768
52770
708131
1822238
52773
216614
151081
1232426
1068590
1429043
85558
1101373
1494590
249408
1494608
282197
282199
1101402
1429083
478812
1986146
1166950
1003110
85618
1920636
2182787
2182793
1560201
85652
85655
1560217
1920667
1560234
85682
380598
85688
85693
85698
85701
216778
741074
184020
642780
249567
1920749
249583
216816
52979
85752
1658618
413434
380674
380675
52996
1560345
282402
1232681
216874
1232683
1658671
1658672
1855282
1855283
1855285
1855286
1527607
413497
1855289
1855291
1855292
413501
413502
413503
1855297
2051906
1855299
544580
1855300
1134406
216903
1855303
544581
1789762
1855301
1855305
479058
1855315
479060
1855318
1855319
1855321
1855322
1855323
1855324
1855325
1855327
1134435
216931
1855333
216934
1855336
216938
1855339
1855340
216942
1855343
1855342
642926
216946
1855348
1855349
1920889
544644
544645
872327
1134474
479117
1658765
1855377
1036181
1036182
348058
446372
544686
1494959
1494960
1494963
53181
53182
217031
53193
544718
85968
315358
1232866
1920999
655355
348137
675815
151528
151534
151535
151536
1921008
1921010
151539
151537
151538
348151
675833
217090
53254
315405
675864
1495066
1495067
610332
512030
315423
1855519
2248750
151599
282676
1331258
282683
1921086
1921087
446529
1265740
1396821
86102
86103
53336
1396826
53341
1134687
53344
53345
53346
1298531
2019431
53358
217203
217204
53367
53369
53374
53376
53378
348296
1593482
643214
86166
282786
1069220
86180
53413
53414
86185
86186
938155
53422
1298608
1790137
53437
53442
53443
53444
446660
53446
53462
53463
119000
446682
446692
151781
53483
86265
1462524
53501
1462526
1691903
348449
1528099
1691940
53558
86332
1069378
86342
1167690
1855823
1167696
151894
446807
512350
414048
414052
741733
1003891
1397108
381306
1954171
1954172
1266046
1036674
1036679
676234
446860
1921421
512399
512402
1429916
2183582
938405
119206
217511
1298856
1855912
184748
1298865
119219
119224
1561022
1561023
2052574
1331682
86502
1036778
1036779
1036780
545259
872965
872970
217615
1004049
184870
2052656
2052657
315953
2052660
578107
152142
1692239
1233488
414286
184914
217686
643671
1987159
643674
1692264
152177
1561203
1561204
1004150
1888891
1888892
1888893
447106
512643
86660
86664
86665
512649
86666
2249356
2282123
348823
348824
1168034
1168035
873128
185007
185008
578234
2282170
53952
479936
53954
447171
873160
709323
152268
1462993
1462996
2183896
2052828
545501
381665
1921764
53988
2183911
2282215
152297
479978
2183923
2183924
54005
2183925
676599
54007
1004279
512762
512763
578305
1069827
152331
152332
1004304
512792
1987356
54062
1987376
1725232
54067
1430326
1987383
381751
578361
1430331
2183996
54077
2183998
2184000
2282305
2282306
414528
2282308
2282311
2052941
2184016
545617
545619
119641
2052957
1332069
54121
381802
1332080
1463156
316279
1463165
2184063
185218
349064
1299341
2282382
2282381
2184082
1856405
1168281
185243
381852
152480
1069985
1397666
349095
1266600
152489
152490
316330
1528744
644007
2053044
152500
2282421
447422
1528773
2282449
2020312
1758178
1725411
2020324
2020325
2020326
2020330
54254
414703
1889262
1758194
54262
152573
2249742
1823759
54289
54291
2020377
218139
218140
283675
480284
1233951
1266720
2249761
1476194
1476195
283686
1332264
1037355
1037362
414771
1476199
87097
414778
1037377
2053187
545864
1266765
2249812
283734
283737
218205
676965
119910
152682
447595
447597
447600
447602
447603
447604
447605
447606
644221
1856638
2020486
480391
283786
1987723
2282649
2020506
2282652
2282655
480418
1168547
1660073
709803
218284
119981
1856685
283824
1365176
644281
349370
447679
1955013
447689
709839
1529041
1037523
283876
1168613
1529068
2282738
709876
1955065
414970
1234171
709883
709881
480520
218387
414996
644383
1922337
415015
185642
54571
120107
1266994
382262
382273
1561924
1267021
1856859
1856861
1856862
1004901
1168744
1561964
546160
2282866
1135990
218490
578942
2184575
2184581
546182
546183
284040
546184
546185
120213
382359
1987993
185761
447909
644524
906669
185782
2315727
54736
644563
710111
1758689
1889770
1889772
349681
1889778
1889779
1889780
87541
1889777
1889784
1005056
644609
644610
513550
1299998
579105
218667
218672
218673
382514
2184757
2184758
316983
349751
546364
546365
546367
153151
1300035
316997
317010
2020948
2020949
2315862
317018
1889883
185949
1955422
185951
185950
2053728
185954
185955
2020964
2020965
317027
2020963
1889913
54911
1169025
54914
54915
54913
1169032
906888
2086571
874156
382641
153266
153267
2283194
2283195
2283196
1038014
415425
218821
2217670
2053833
1398493
1267423
218849
1627892
120574
186116
1070870
874267
1955620
2053930
218923
1300267
1300272
2283317
2283318
186165
55096
55097
1464122
1464123
87883
2250574
2250575
2250576
2250577
2250578
2250580
1886670
2250581
284503
1759072
1759073
251747
251749
1267564
1136497
2021234
1955698
481146
481147
1267585
939923
153491
1136534
153496
1234841
579483
55197
284577
284581
55207
55208
2283433
55209
55211
55216
55218
1628085
1628086
907191
1365950
2021314
1234888
1977874
1977877
1628148
546805
1628158
415747
284687
153622
2054166
2054168
481311
1628193
2021410
219174
590647
710705
1628212
1267766
546871
1267768
1267769
546874
2185284
1562698
2054227
1005665
1005667
415851
153721
120956
120959
317577
645275
579748
219301
481446
1759399
88233
219305
186539
186540
186541
186538
55508
55510
55511
55518
317664
1497340
1562887
1562888
1530123
2152717
55565
186637
416016
743699
1333523
186651
55583
1792290
317735
743722
1136941
55601
547122
1792307
1792309
2021690
37105
88382
2021693
2021695
88387
88388
1825093
88389
1759557
285013
252246
645465
547162
547163
1857892
1005926
1005928
88431
186739
153971
1005944
1005945
645517
1333651
186772
547228
1333662
317858
186786
285091
1333667
416169
219572
317878
481719
481723
121277
154046
2054594
1104324
1137095
1137096
121290
219596
121292
55758
55779
2021862
252393
645616
317936
645617
1432052
1432056
55802
1792508
219649
547334
1038856
154122
1497615
1563157
1202712
1202716
1202724
252474
1071679
940614
580166
1006155
55884
1268303
1202768
1497681
1038928
1333845
1563222
285279
219745
252514
1235559
2218606
2021998
88688
1399419
1137280
1137281
1137284
1235591
547467
55951
55952
88724
580254
55969
1628833
875171
285351
252583
350893
154288
55987
1235640
1727163
1727164
1235645
1235661
187101
154334
154339
1301220
1235689
1333996
1333998
1825523
2054903
645887
1334022
2054919
121616
285458
1891097
1301279
285473
744227
351016
1071918
1661745
875328
1792836
318279
351052
1792845
1235790
56144
1235797
1235798
1203033
351091
121719
285562
1235835
121723
56192
285568
56193
1629062
1268622
1891224
187303
187304
1334193
187327
121791
187330
1137606
1891279
1891280
744406
1891289
89053
121821
285665
2055137
89059
89061
2055143
89065
285676
1006576
1432562
1006583
318456
2055160
154621
318464
941058
89093
154654
1006623
1236000
1563681
252970
187452
89152
89153
1236046
1236047
1137745
1858656
187490
187491
187493
416872
416873
416874
56425
2022508
351345
1137780
56438
449659
2022527
56448
56449
1072256
56453
56454
56455
1105031
1137799
56458
56459
56457
1825933
56460
56463
56456
56464
1399949
2022547
2022548
1465490
2219161
482461
482462
1399968
154784
1367203
56486
416943
416944
220340
253108
1203393
1236179
1432788
1236180
1432792
318683
1858794
515320
1236220
2022662
351495
1137931
1465613
1105171
285983
1465635
1105204
253239
56636
515393
1137988
1137989
908615
1137991
1137993
1137994
1662285
417102
1891671
122202
122203
2022747
1891675
1203556
154981
712037
1629550
515440
56689
515444
515446
89463
1826168
351614
89471
1498499
1072517
646534
1891719
1105286
941449
1203590
1891718
1891722
1891729
2022802
2022803
679318
1465754
1301915
56730
875932
1465756
1236391
417192
1236392
1891754
351659
581036
351656
1236398
1891762
417203
89524
1891764
1891767
351672
351671
712122
351675
351676
351673
1662395
351679
351674
1891770
155077
56779
155085
220622
1105367
187868
56804
187880
56812
89584
1695218
122355
515575
1138170
1007099
1564158
1564159
417280
1007105
1236486
482825
908809
482827
417292
220685
220686
155148
1502751
1502752
744979
744980
220697
319003
220714
56877
56879
155194
155197
187977
187978
187979
187981
1891921
220754
417368
1236573
417373
384636
56956
1891970
1891971
1302151
482957
220813
220814
2219663
908941
908946
2023067
712357
384677
2219696
2219697
712368
89784
1793721
1793722
57028
483013
941765
1138383
2055893
1760988
548579
188141
188144
1761016
220927
253700
253701
319238
253702
253703
2023177
2023178
1335048
2055947
2023182
2023183
2023184
2023186
712466
2023189
155414
2023191
1335062
2023192
2023197
2023198
1367852
1826607
515897
450362
2023229
1564487
1367881
450378
712528
384848
941907
2219864
1564506
221027
221029
221036
221037
89968
221054
483199
1859457
253839
941969
941970
1859473
1859475
745365
745366
745368
745369
1138585
1925020
1925021
745377
2023338
1793963
1793966
1630135
1630136
1630141
876478
188350
1335230
942016
483266
221126
942033
1630162
352211
516051
1630166
1630172
1630173
155617
155618
57320
1236974
909297
352248
712710
286727
1564681
525918
1335309
319501
1990687
319522
548908
1073196
1007676
942150
221262
942165
680026
1826909
483423
647294
90239
90240
90241
90242
1302659
90244
90245
1138822
57480
57482
57483
549003
1400979
57498
1302685
1302687
1204385
1302689
1302690
319652
319653
1499308
1073325
1073327
221360
1073328
221359
680118
680125
680127
1630406
483537
254161
155865
155866
483547
483545
745714
155892
614648
614649
1695997
1007869
680197
1073423
1204516
2023717
90410
1204525
909613
1204534
1204535
1204537
909626
1204539
1204538
1204543
57664
1335616
1302850
1302848
1302849
155974
155976
1827144
1335626
549205
1335638
2023771
188763
745820
1639690
188770
57704
57705
57706
1499498
287094
287098
287099
57732
254357
418223
549298
123320
418240
319939
254406
188872
1335757
1761745
1761747
1761748
1827284
1335766
1335768
1434072
1827290
1761755
1827294
1827297
319970
1827299
1761764
1761763
188906
1761771
1761772
188913
188915
1434100
1761779
1761781
1761782
1827324
1761788
1761791
1860096
1761795
1597956
188932
1860101
909827
1860102
1892869
549386
1761803
1761804
1008153
1860122
1597977
1860125
1827365
1499686
1499687
1368616
1499688
156202
156203
156205
1761874
1761880
1761882
1761887
1761888
1761889
483937
1663591
221799
1761899
90732
1761900
1761903
1761904
352882
1761906
1761907
1761909
1761910
57975
320122
221822
1532552
2056843
1532555
1532557
1532558
2056849
2056850
385682
2056856
2056857
2056863
1008305
877240
418495
1598147
58051
1663685
1434328
418522
221915
1172190
647910
58094
484088
1827580
58114
58117
1827599
942865
942866
582419
1827603
1827605
1827606
58133
2024222
2024223
2024224
1303334
418599
549687
1499968
2057025
254787
1499973
418630
1499975
582475
1073996
90961
648017
754037
484184
516956
1794912
754043
713588
1958773
58231
222079
418699
418702
877455
517011
1565605
320432
222136
451513
123834
123841
189381
2024402
2024405
1795032
2057180
1795041
58343
1532905
58346
320497
189426
189425
123899
418827
910347
582667
1631247
582672
1631249
156690
582675
582680
2057246
558690
1074210
582692
1074213
1303590
418854
1958950
1729581
582702
451644
255045
1664069
1434700
1434701
1434707
1172565
255066
1500254
1041504
287844
1500263
1500264
2024553
2024554
2024555
1729650
451705
1631356
2024580
1074311
910473
910474
910475
484498
1074325
255131
943272
1729724
419005
681158
419015
1434837
1434841
1434842
156892
91360
222441
1795308
222450
287986
189691
386300
386301
386302
288000
288004
255238
320778
255247
255248
320787
1664275
1697043
1336597
1402135
1795355
1697053
2024736
1074467
1565991
156974
517424
156976
156978
156979
156980
320831
320832
156994
320836
320837
91464
320840
320841
320843
320845
1926478
746831
746830
714067
1500506
1926491
157018
222557
1926494
386414
1500549
189834
320912
157076
1435036
484770
189873
222645
681398
419257
255431
1336794
1336795
1336796
91613
255457
1336802
2319843
1336806
452084
321023
1566235
484895
484896
1173025
1173026
1173027
1566248
1566250
157227
681518
550447
1795631
1795632
747056
1730094
1566260
2025014
157239
1566262
1566263
1566270
1566271
714307
714308
714309
1566278
1566279
1566282
1566283
648780
1566284
648782
2025039
2057808
2057807
1965587
157268
222805
1566294
517719
648801
255587
91753
419435
190063
190065
1173111
1631871
255616
878220
419474
419475
1566358
419479
419481
1500843
91822
1074863
1074864
1074865
1566387
878260
2057910
452286
190146
190148
943816
288456
1042122
1042123
1435342
1435347
1435349
943830
1337051
1304284
1926878
1337054
1926881
1926883
1926885
386792
1042156
1795827
911092
321267
1795832
222984
91915
419596
419597
1173263
157463
1500960
648995
943908
321318
354090
1173297
321332
321339
419650
1206085
386891
1206110
386913
2058085
2058088
2058089
59241
2058095
59277
2058134
2058135
157592
2058137
59301
59302
2058152
59305
2025389
59310
354243
1965662
223184
354260
1927124
1927129
92129
649188
2058213
1402860
1402861
1173487
59376
59380
157687
157688
157692
288768
190478
387090
387092
387093
387094
387096
354328
1206300
223262
1763363
157733
1206313
1501230
354351
223282
354355
354356
1271860
223284
223287
1501240
2058299
1206336
2058306
2058307
223301
223303
485447
550983
2058314
223307
2058318
2058319
2058320
1173585
1173584
157779
1501268
1501269
157782
157783
2058327
2058325
2058330
2058331
2058332
223324
2058326
419940
223337
2058346
223342
59504
59505
223346
649333
223352
321662
223358
157837
157838
1960083
714899
452758
1861784
223392
59561
59563
1763509
2025658
1206458
1960125
190655
288965
157898
157899
1075402
1173709
1763534
1763535
1763537
1763538
157910
1075417
1960156
288992
485602
321763
157924
616674
289003
92395
92400
92401
747763
1173754
190721
1173769
1239307
92442
1206557
1206559
1206566
223527
321846
223556
354630
92487
2025808
59733
1239382
1239381
59737
190811
59749
59750
321895
92521
1403243
158080
1141132
1141134
1141136
1141137
1141138
1796497
1141139
1239452
2058658
59813
59814
59816
59817
190893
190895
453050
1042877
59840
59843
944580
59845
256466
2025949
2025950
322019
92644
1141221
92645
92647
518643
59893
190974
1796606
190976
190975
1796613
322053
1796620
1239565
649746
322067
1665556
1337877
1239574
1239577
59931
649756
616990
616991
551459
1796646
223786
1763883
617002
1796652
322095
420404
191032
387659
387661
1337936
748120
1632857
289370
1632859
551523
1632867
649831
2026089
1108595
453247
60036
223900
649890
617123
92835
158372
879274
2058924
223919
453304
715451
256701
2026176
2026184
748247
1469144
2026199
715480
256729
223967
60133
60137
1043184
158463
2026240
2026255
1207055
92945
1141519
92947
158484
1927958
1927960
158500
420645
256821
191289
1796921
191292
2026304
1993540
387909
256839
1108810
1108812
551760
60246
519016
551790
1633135
387957
1141625
1236407
93064
977801
1141657
191390
191391
584609
158627
1993643
355243
355246
1993650
1764275
1010614
912320
388038
322505
44562
682956
879566
453582
551895
191460
1174501
191463
682998
1797110
977913
1174526
2059264
551936
2059268
977927
1960968
1960969
551947
1862668
879630
1862672
1240085
60442
1076255
93218
93219
93220
1043493
93221
93222
2059302
322609
1862707
551987
551989
551990
551991
551994
191547
551996
551995
158787
1338436
945225
1305675
191564
420952
420953
158822
60519
60520
158823
748650
1305708
683124
683125
158841
191610
748667
158847
1141887
158849
158850
60547
1141889
60549
60550
420998
60552
1141890
1305738
1928331
60548
420999
224399
421010
421012
453783
158877
1469603
683172
683174
158890
683179
158898
158899
388278
388280
93369
93378
421058
126156
453836
1469647
1207504
421072
912594
1764569
1076443
683228
355548
1305828
1305830
290028
912630
683260
519424
290052
290054
355591
1535242
1535245
93465
191770
93466
519452
388384
1436961
322855
486698
60714
519472
683316
388408
748857
290109
388413
290111
290112
290110
224578
1076549
1436998
1076550
1076551
519497
683354
1633631
388452
1076588
748909
1076594
1076596
454006
191863
28025
28026
28028
28031
28035
1437059
28037
28038
28042
1076620
28045
28047
28049
28051
28052
1076630
2059672
257438
28066
28068
1109412
159141
28072
1928617
159148
28077
159150
60847
28080
126385
28082
28083
28084
1732020
28085
257463
28088
28087
28090
28091
28092
28094
28095
1535422
28099
28101
28104
28107
28108
28109
28110
28111
28112
28113
224719
28115
28116
28117
28118
28119
191960
28122
60890
28124
28125
60894
28127
28126
28129
28130
28131
28132
28133
28134
28135
28128
28136
28137
28139
28141
93678
93684
28151
28152
60920
28159
28161
1502724
454154
454155
28172
28173
1835723
159252
28181
28182
28183
28184
192022
192026
454171
28188
28189
1502748
192023
880156
1502753
60961
880157
880161
28197
28198
1502758
28200
1502760
880162
454188
323118
28210
454194
28212
1502773
1502775
1928762
159291
159292
28227
28229
28230
552518
28234
552525
1633874
61015
28251
290399
290400
28258
650850
28264
28274
913024
28289
1502850
1502851
1502852
388741
93830
388739
28295
487049
650891
28300
421525
421531
28320
28321
1777136
257708
1437360
945844
28344
1765050
28347
1765052
28348
1076926
28350
28351
28354
28355
1273541
28358
323273
1076937
192203
1109710
585423
1109712
126673
1109714
913107
1109716
323284
28369
28375
1109711
585425
1109717
159450
159449
12153
257758
1502943
1470176
1896164
224999
1961706
225004
1109740
585455
487152
61171
487155
1470200
487165
1896196
487173
487174
487175
1175306
1437453
487184
1896209
1896210
126739
126741
93973
1535768
1896216
2027290
28442
28445
28447
28448
28449
28450
2060066
28452
1896224
28454
1699623
2060068
2060067
519989
1961794
683846
1503053
1503054
1503055
388950
12178
12179
323423
1666912
1404768
12180
1765219
749413
323450
946046
421767
651143
1273739
1273740
1273741
1273742
1273746
1273747
487316
1273749
1273750
1175444
1273751
1273753
1273748
1273755
1306519
1273754
946078
1273752
192421
257984
2027459
192452
454601
356305
1732569
1470434
716789
1208310
61435
716796
159743
1208321
1208324
1705565
1077255
1077256
716813
716816
716817
2060312
684063
684065
1798182
1798183
1798184
1798186
225324
225326
1798190
1798194
1929267
1798195
1798204
1798205
225345
1798213
192584
1798223
1798225
94290
1798227
1798228
421976
1798237
389214
1470561
1470563
1667172
1470575
1437817
1470591
225422
61592
61595
946333
2125990
553151
61635
28871
28873
28875
61644
61647
258256
61648
28882
61651
61652
28885
28896
28898
389348
28901
291045
28903
1306852
2135464
1241337
487685
1208583
1929488
487698
553239
1962263
1765655
291112
1601833
651561
192812
356660
225588
1962300
192848
2027860
1765722
389469
553311
291169
1306993
422277
192903
192904
946573
651662
651663
651661
94624
94625
61858
94627
1962403
1077675
2060726
913865
127441
258515
1405396
324057
324058
356829
258533
94700
324078
356851
356852
946677
946678
1274359
553466
553467
553468
553469
356862
586239
1962501
684552
2126346
2126352
2126353
1110546
455193
553510
651822
913969
913970
225843
225845
225848
520762
520764
520767
979525
29255
1765960
29256
291403
979533
1765967
979535
29271
1176153
1176156
651869
193118
193119
193120
193121
193122
160358
62059
881260
29311
62079
29313
160386
29314
1176198
1536648
62088
29320
29321
553611
520848
1798803
29332
94869
160404
1798805
29341
29344
29347
29348
258723
29354
1077935
1077936
29361
586416
29363
225971
1503925
2093747
29367
1176243
29364
29370
1077947
29372
62140
1176257
29378
29379
29380
160453
29382
160454
225992
29385
29384
225991
29388
29391
225999
29394
1503961
2126553
29408
29409
160484
914150
29419
29421
29422
29423
29429
29430
29432
29433
29443
1536772
1536773
29447
29448
29449
1274631
455432
291594
979726
29466
29471
619304
29483
29484
29485
29486
29488
1241906
521013
29494
29495
2028343
29497
29498
291644
291645
1864509
29507
29508
1078085
1078086
947013
29518
29519
29520
29524
553814
29529
947033
29533
29534
29536
1635171
29539
1635173
29542
29546
29549
1405807
357233
62322
29555
29556
29554
29557
29553
357240
29561
29562
29563
1241981
29570
29571
29575
29581
62352
160660
2126741
357276
357278
1176484
193462
95161
2094022
2094025
717785
455649
586733
488446
488447
1340425
1176587
390157
1930254
160791
1963032
1111069
1242148
160808
2094122
1045558
95300
1176648
1176649
160843
160844
324685
488533
488535
1111134
390241
488546
554083
390242
488547
128104
1307761
2094194
2094193
1307763
390269
390270
2126983
357523
1897620
1307800
1307804
1897630
324767
1897632
1897634
1406134
292029
1307839
2127046
2127048
226505
226506
2127050
1078480
619731
292052
1570016
2290922
2290923
2290935
95485
95486
1897729
1045773
1045774
1045775
1045776
1471761
488729
488731
488732
619805
881953
1340708
1340709
390438
390436
390439
1340713
390437
324900
1307954
1307956
1307957
554312
2291023
324952
554343
554344
226665
718193
1340818
1340819
1340820
1340821
1340822
1340824
1340825
1340826
1340827
1111454
1340831
1340830
1340836
1930667
357808
685506
45070
980427
718286
652764
1603038
2094561
2094562
456163
390640
1144305
1144304
1144307
1144308
390641
1144310
325111
1144312
325113
1144314
1144313
1144316
1144318
1144319
1144325
1144336
1144337
1144339
1144340
1144342
1144343
1144344
1537566
882211
1406512
2029104
423476
2029108
1570360
1898043
292414
1177154
161355
980561
980563
1341019
226910
1209954
1046115
587370
1799789
2029166
292462
915059
161398
947835
292477
947843
456327
685706
194196
194197
390807
1111710
390842
390844
390845
128708
1701573
1341132
1111760
63186
1504981
161494
1603293
390883
1144548
2174844
1144553
2174846
161528
227084
128780
947980
947981
882452
1603353
292639
456490
1144618
128818
1963835
259901
685899
358220
1963862
2029402
915293
194397
63330
2029412
948071
1242992
1242993
587636
1472378
1046402
948102
1243014
161675
194445
1144748
128941
1144750
128944
292800
1931232
1177574
587753
1439726
129009
227316
260084
260086
1177594
1931275
915471
2258962
2258963
522262
1603606
2029590
260121
1177630
1177632
1243178
1046571
1046573
292913
260149
391228
1407055
882768
161879
96344
96345
1407071
1538146
161890
2291814
2291815
161896
161895
161899
1538158
1538159
1177712
2029681
129141
129143
161920
587909
194699
194702
227470
1177755
1898651
489632
227507
293050
1341643
293069
293085
293089
2259170
2259171
686309
489703
1898731
1898736
194802
522485
1538294
1898743
1538295
1472761
63740
1898749
1472767
260364
227598
260373
1276181
260378
260379
358687
588067
948519
1603886
1603888
1603897
129338
129339
1964352
1964356
1964360
751944
981323
1702221
981330
358742
358743
981335
162145
489828
1735012
489830
620903
686439
1702250
1964395
620910
162160
129395
555387
1177982
260479
2259333
227720
2259340
194963
326036
194965
194966
326037
2029983
1964448
162209
1538463
1604004
391589
391593
391596
1702325
1505723
391612
1145276
1505725
1505727
1505726
260552
1735121
555500
195056
195060
195062
195063
555512
195064
1538553
1964541
64003
96773
686597
1407493
293386
293387
1407499
293388
195088
948756
522773
2292256
195105
686624
2292257
621096
2259497
129578
1079859
621109
2292283
2292284
686666
1768011
1538644
227942
227943
227945
260714
653930
1505907
653940
490103
1407608
162426
96892
2292352
653954
2259594
2259595
1571470
64160
2259619
457382
228006
1768108
457396
195253
1079994
64186
129726
1079999
129727
1112770
129732
359110
686796
490189
490188
110457
359131
1309411
1932004
1604334
686831
1080068
424716
31504
555793
1768210
31507
64279
64280
64283
64285
64286
1735453
64288
64290
64292
64293
64294
260908
260909
64300
64303
1768241
1768242
129847
64312
1899321
588602
64311
97084
621376
64320
31559
260936
326474
326475
326476
392015
1932111
326489
1342299
555874
555875
31600
97138
1178482
31602
326522
326523
1833852
129921
228229
228230
686983
1309583
1803846
1178515
1178516
1080225
1080227
1178537
31658
1178540
326574
1571773
195522
359370
1244108
64471
1276888
2292703
31711
31713
2292706
2292705
31721
1539050
1539051
31722
392174
31732
1735670
1735672
1735673
1735676
1211388
31742
31743
31741
130049
1735679
1735683
1735684
31744
31750
1735686
1276936
1735688
1473546
31754
31749
31757
1735694
1735693
31770
1080349
2292771
261164
425009
425010
1473586
293939
293958
1932360
1932366
1834066
1834067
2161748
1834070
1211480
1834073
1834076
1834077
1834078
588898
1834082
1834083
883812
1408103
1834089
1834092
1834094
1834097
1834106
1834109
1834111
588932
490629
1408133
1834117
1408137
1834121
392333
1834128
2161813
1834134
1178778
31899
326811
1834138
1834143
2161824
2161826
883876
1834149
1834154
261292
261299
64698
163003
64702
1834178
163011
1834181
97478
31943
2161864
1178825
97481
1834189
1506510
1834191
2161872
1834193
1834192
136609
31958
490711
31959
457944
228574
392416
228578
31971
1539298
31973
228582
392421
556261
392423
556259
589035
687342
687343
687345
687346
687347
1506545
687349
687351
1211640
687353
687354
1211643
228604
1211644
31998
687358
1211641
556288
32002
1211642
130308
130309
130310
687367
687365
687369
687370
687371
687372
32013
687374
687375
687376
687377
261392
687373
687380
687382
687383
687384
1408281
687386
687385
1506588
326941
556325
32040
1965356
458033
32052
392504
425279
1441095
195913
1342794
490829
1932621
392547
1244531
2030964
2293110
64897
2293125
884107
1801619
458132
1801620
1801629
1211806
1211807
490912
490913
1277350
1277351
1703337
425386
130478
1703343
1703345
523701
196024
425400
884155
753084
753085
64958
130499
64969
64971
556499
1310165
458197
1080798
1080799
1965537
1965538
294369
1965542
1965545
1965547
556524
1965549
294382
359919
556530
1965555
556533
556534
1965560
196089
1965562
491003
130556
196093
163325
1867263
1965569
1965570
2293254
1965575
1965576
1965582
1965583
1834512
1736209
589330
1965586
1834515
1965588
261654
1965591
1965590
359961
1736218
1736215
1834516
1736221
392734
1834519
425504
228897
65058
1736226
1965604
1965603
228899
1408545
1736232
1736224
1736234
425514
1736227
1736238
1965617
1965618
359987
1965619
392761
1736251
1965627
1965629
1736254
1965631
1965632
65093
589382
1965639
1736264
589385
1736266
1736267
2293325
1965646
1736270
1736271
1736272
1965650
196180
1736276
1965654
1637975
1736280
1736279
1736282
228956
228957
1736286
228959
228958
1736287
261726
65123
1965660
1736293
1965661
1736295
1736289
1736297
1736299
327275
1736301
1637998
1736303
1736304
1736311
1736312
1736314
1736316
1736318
1736319
1736323
1736329
1736332
1048205
1736334
229007
1736336
1670800
1736337
1867410
1736338
1736339
196242
1736343
1736341
1736345
1736346
1736342
1736349
1736350
1736353
1736354
1736355
1736356
229030
655015
1736361
1736362
1736363
1736365
1736366
1736367
1736370
1343159
2293433
1736378
1736379
1736381
1736382
1736388
1244869
1736390
491207
1736391
1736393
1736394
1736395
1736397
1736398
1736399
1736400
1736401
1736402
1736403
1736404
1736406
1736407
1736410
1736411
687842
294631
1277672
1736426
1933035
1736427
1736430
1736432
1736433
1736434
1736436
1605367
524023
1736441
1736443
1736457
1736458
196367
294671
1736464
1736466
1048340
1736471
196375
1736473
229149
1736478
1736477
1736483
1736485
1736487
1736490
393003
294699
687917
687918
196399
196400
1736496
196398
261939
1736498
1736501
1736503
1736504
1048380
2293566
2293567
2293568
1736513
2293570
2293571
2293572
1736517
163654
1736521
1736522
393034
1048396
1736525
1736524
1048394
1736528
163665
1769296
229203
1736532
229204
229205
1736535
1736533
1736537
32603
32604
1736541
1736539
1736543
1736544
1736545
1736546
1736540
1736549
1736550
1736552
1736553
32619
1736556
1736555
32624
1736561
32625
1048434
262004
262005
32629
262006
65393
1736570
360316
1736574
1408895
1736575
1408894
1736578
1736576
1736584
1736587
1736588
1736591
1736592
1572751
1736594
458639
327575
622488
1736601
1736602
1736605
1736610
1933220
1441714
98228
262071
65467
262076
1867719
884684
360398
1507287
360411
360412
65499
1736674
196587
1703920
1703921
1703922
1933298
1736691
1933300
1703927
655353
1703930
1736699
1703932
1703933
1703935
