294
380021
47878
76758
200450
47883
75612
29442
46679
47879
200451
76760
651740
183795
129817
169669
75588
76761
303
76759
47880
70775
47885
78327
287
300
53408
1149133
330
53412
43263
317
36746
33069
29438
47877
251701
50340
1206777
46257
316
271420
74829
587753
47884
296
198620
104087
157782
219572
321662
930166
1028989
1856685
198618
1283291
1981174
1853130
65741
46677
95300
237610
143813
1294143
237609
1930532
395598
2049589
2054914
122355
1881017
1148509
702115
191390
359110
1207075
163011
312306
2320867
2054919
216142
2201356
157783
472181
1788301
1931241
2219057
797277
2067572
2083054
1434072
1628086
1392877
364197
86265
487184
2025658
1499686
1534110
2213057
1649877
1827300
2018067
1245526
1659194
1898684
1855380
53407
1421430
118613
1274359
2054915
101564
150396
2083055
1611770
1259844
515393
1500686
1500687
2069256
1583341
1636610
1855331
253237
1886807
2045200
244566
1338689
1415630
2083052
2083053
69328
321846
2083051
1495331
1761895
353
354
1697053
470
48296
106654
471
1785128
29430
40215
106648
40216
108981
1789224
1758189
1879049
1407071
1879050
487316
62977
28090
1871111
52133
1808001
1636603
1324350
756892
1608473
1646498
2079596
2004646
40214
2004644
1148157
2004650
2004647
1699621
261164
1028416
1699623
1720344
45610
334543
571800
330922
1699624
1699622
349106
2203895
34062
480
386891
476
29433
2283318
550
61645
158836
69218
2027919
1812935
1915310
299767
2077137
208224
2077136
1692238
1914861
399742
1166130
881260
1560339
1977566
1868135
1827481
2051905
573
571
548
1134687
1463165
244366
2026240
1934254
1905288
546
67827
2066049
57706
2077147
2077149
133448
2077148
545
35703
67825
67824
1702170
1703250
1920110
2019568
2013114
562
208962
1499973
564
28901
54736
693444
891974
2066051
2282310
2282309
2052938
1920109
1920128
138072
1199245
134287
1505596
1505597
251535
203907
101534
251542
1778262
1070130
1778263
1410383
1778264
472834
1835721
28141
1163710
413497
413501
413502
413503
535744
208223
1158459
497725
283686
61646
2153385
1907578
69220
54291
575
2259647
158822
61647
1334193
1920114
83655
1920116
929813
563
2172103
61648
401619
428411
622
623
1813821
168169
1048758
615
47917
82996
614
104623
28151
61651
61652
1759437
671990
2033438
1327989
1758196
488142
1938820
768493
768490
630
367190
633
632
29486
29484
935293
29485
29483
263819
419257
631
28152
1839800
34038
1805933
741091
1639108
1878942
204042
556
204038
69223
1089444
204039
568766
1778540
2037915
1224145
1224144
1225785
554
29471
1905730
2042057
55208
63612
1239307
1486991
1929246
1109412
598467
1082704
470934
553
549
592316
66269
1891675
1076550
1484158
665914
1235990
665913
1484157
182337
55211
1619313
338565
552
79967
215689
1922217
53336
82987
9
51229
587
588
333962
126385
2027290
516075
40576
628
351679
351671
40577
291112
230089
2218628
29488
584
585
582
634113
636
93378
67780
1263550
1821960
1578828
1650654
569
1848580
82983
82985
158841
703
1756993
28108
314275
589873
2267264
715451
1714845
233316
2058133
1917158
287094
1777491
1420917
2743
1415568
1749259
1874317
2304594
1420916
1671721
1761794
490759
330734
983545
300231
2303538
2183582
2172099
326544
1526571
680279
62322
225848
60961
271097
404011
271098
93973
70864
56812
38313
60217
192073
359303
70863
60478
260364
43661
2029986
94122
2059264
2018305
24
60481
60480
351745
43662
298657
288
43657
43658
314281
161398
621376
1348114
28107
247523
227
394751
1514074
166935
176102
1761891
1720343
283699
267375
28109
152297
228
43659
234831
28229
1816218
58049
1816219
2161872
1967665
1763536
2100422
135577
2055892
1096243
1298881
80854
69539
357794
314282
44012
339
346
343
347
56460
56458
1985254
56450
29447
48664
56459
456327
56448
56454
90270
442694
53413
40324
2072414
2072413
2072405
2072412
2072407
2072406
2072409
2072408
2072410
2072411
216778
128780
1904944
2040586
1827305
2303750
2005046
1793721
83617
69
435897
84531
262324
1605891
2290922
2371
1444770
314722
415229
2006110
1896164
2172536
1379159
231455
445710
2021234
242606
323415
666685
81475
670
680
663
669
50719
150340
696485
512649
691
190895
766224
672
190893
666
676
55601
45658
28173
62153
52443
674
29498
1435069
687
553239
29497
29494
76258
673372
212663
1534743
2014742
2025808
1116375
2163016
38293
74109
1295392
668
80852
40269
673
1755811
1927128
1346287
1178482
1504981
2746
1883416
2136172
507626
115561
2306583
475662
1118153
1897729
1971364
2014541
29571
213554
1761789
1666906
1610576
1949203
1962264
229007
157779
698828
376489
1771309
28258
33074
91844
1495769
114186
158080
400668
119864
178399
936476
187493
1821621
188908
1249553
2014542
1306787
285091
1094342
59754
1113728
1917421
1445505
2161747
1336806
261964
1561924
1144748
914150
158327
141451
1027273
186931
1033854
108010
106634
396595
160660
1765967
1052
1053
1335757
1335746
1442136
351052
133539
1229
473531
1166950
1978339
73141
80679
37487
1049
1630141
437505
1860122
927
1548547
1579979
644
654
645
652
2033032
2033033
648
651
948519
196024
1636609
558964
1636606
1920107
1636607
1636608
1758179
1416627
1903694
347534
43948
511062
727
729
726
730
249188
712310
197575
715
67854
189834
716
718
747
754
732
714
739
85404
75985
1432056
738
2030797
47735
731
750
1679001
157673
1987723
1945512
155077
1737490
2426
86304
447471
359370
260552
252514
1769779
930806
930805
393662
716816
1470434
1620392
446
96230
450
28082
28087
66969
449
452
1867846
45067
29423
2005262
463
451
777
325775
2054173
1592897
263
28110
573570
2007306
1547445
549298
1542390
573569
954
657445
622488
2016517
475375
2016519
594679
754476
754477
1238
92245
147268
1329899
728003
385025
39765
40754
288004
2169539
83406
2070539
1248727
1427364
1705394
2291597
1543721
113267
386487
410330
1249552
1076588
585455
186490
1538553
421
702114
1727196
271065
39775
1432792
1704499
414
1675686
1281578
1620215
2303331
465721
1196095
1267021
2183911
1810504
870
384
29449
56730
396
2048897
348824
2028343
1571470
398
1125847
1981173
2020312
1301032
2020311
424182
1869170
2020313
1914541
1703969
1703960
1703970
1703971
1703966
1703968
1703964
1703967
1703961
358
1176649
373
1842536
359
861208
399
1825976
2060726
380
382
194963
1842534
110321
794846
106592
716925
879274
1273132
34021
556287
34020
309868
1437360
1355477
375
722472
1274631
2057741
288000
44255
1223566
115808
114615
931866
335659
1404768
1404367
1839752
319017
376
1076
1526658
2015316
1842539
1792307
912
913
1882747
1333996
709797
40137
114616
426117
2202825
270351
2051553
2202828
2202826
2202827
2067957
925818
31998
418223
1479019
1826873
334852
408
223967
29429
1882682
2082949
39645
381
71433
1670800
593909
536018
2108445
2066070
278153
28104
83263
374606
1620421
244596
1756988
472175
1867719
266779
53399
717785
1427356
1736675
1643450
2083786
674703
1608628
531813
1069
454601
1079
1686310
38323
33045
111504
33047
388640
545612
85701
803
1318743
774
2133959
155194
1933904
165694
56426
515256
1933910
1933905
1933912
1933909
1933908
1933906
1933911
1933907
271865
529
571256
419475
1844051
981386
1885919
1149952
29459
29461
235
236
120577
120576
444163
36855
1891098
331696
280
7
921
293089
686597
1486262
1349819
1384459
2170729
1235591
1482074
1922226
2026785
256618
1458461
655015
187303
426
1798205
2304600
533
199596
1702325
444444
34003
266
1077935
147645
1529068
34004
2259340
2065379
1945662
1499308
221822
60890
1580596
1844006
681157
1063
2033869
1061
1850250
1389005
1402135
2070369
1917485
1389004
1389011
1208324
875171
1758178
1411902
1397108
2293862
89184
292414
2099786
2021862
187304
1674922
35806
1564506
308754
1217908
53946
1458307
1792508
311180
2171755
2033435
1904441
42443
2434
121719
911045
92945
92947
215743
391613
74033
2009329
42444
1229727
1250539
379347
1881061
1335048
133924
290400
1579316
299262
215813
1915078
2169400
441209
245188
1609966
2109625
159346
1267768
1920883
1873716
1906738
81032
2724
74318
160791
397260
1560345
1609977
1327635
93064
1030157
1938607
745310
1390395
1549858
2219696
1921510
152682
941907
1961362
13690
2082188
1315974
2072936
484429
627192
1843368
1855519
1332080
1673076
46429
120107
76947
407020
332056
332055
33050
1515612
292913
1357916
2054227
33052
1874061
1914525
117207
1913578
267128
1866325
1609758
158500
1016987
48935
702113
205844
2077182
1922222
266812
1806885
542
1842535
1550728
1850238
1634516
39960
2011159
2182384
1922225
1648404
192812
266951
1798193
502682
2060312
1267766
692370
2185142
543877
476157
361183
1982042
645517
2003315
2023229
1112
1896196
450378
1348774
192
528244
193
1226968
682998
664962
55518
84159
1663591
1639348
2048283
220697
1085
34018
28077
171437
1612173
2220096
1288970
1084
1263979
1549855
438
1076596
435
481146
431306
104102
446692
1633874
65959
2259883
436
265959
265960
28448
33995
1177712
215221
442
318683
257708
2018065
364410
62140
524
153496
33996
1969806
320497
91915
1510841
366602
155892
69666
88688
69395
1938605
74313
1532555
293
588932
41276
1827469
284016
2201350
78587
1759059
169402
246273
80849
77038
263437
125593
66084
77551
100901
163164
1633785
779
944
945
35795
391036
948
770
142058
769
33994
950
951
42862
35789
786
787
444612
33989
35791
369822
33992
33991
109232
783
35788
47589
226665
781
35790
35793
35792
35794
1105106
788
33990
782
785
337479
784
2115978
234827
1802984
1528098
349221
991904
1868589
767892
1977865
198252
1388755
1002672
1977864
744985
859653
1925548
91604
1509244
86106
1124597
208216
95486
292
101571
87883
482957
488447
152480
95485
60550
1503055
1503054
60552
265293
488731
488729
179879
1637862
1637869
1637853
488732
1207504
488446
152500
28450
57975
342113
1385592
1385591
1637837
1636423
1637841
1637831
13373
430531
28095
1804984
640511
758793
337
640512
1740163
1705310
1855726
2217913
1795043
1097668
758796
1795874
640510
1678678
41899
416344
1468409
1740162
75105
169430
36873
134537
148447
1926494
1761016
2026199
261302
948107
134536
169427
311230
412963
252970
60548
164546
106590
119219
68895
248026
96344
82541
1796606
876364
367825
1389192
305
190721
329
105219
1944648
1310165
93220
93218
93219
93221
656178
656179
573737
93222
445709
576610
576611
1743168
556054
1835254
556053
1819728
1743172
29443
2268024
34073
1034889
436515
2126319
1795631
80867
553814
358220
1842533
80869
1858609
80868
232721
721785
285
1082851
225992
225991
1842727
192843
1484693
81479
180282
80866
742013
1920191
1763535
795665
1842537
296591
216465
94132
1678128
1678129
2109914
1658672
2109913
2116657
364317
179636
1458426
1458425
1844971
2109915
1436290
1546149
1746199
463025
463014
1416806
1416803
1697043
463040
123899
94624
2163011
103855
521
35814
1331258
518
463024
519
520
85698
217203
217204
32002
2282475
1758194
1881016
72557
511
323284
302406
310575
1851544
1007105
29575
84590
75697
643674
90245
1472345
2045208
1141883
1678028
1707785
47229
2072590
1593482
55508
1644131
1236179
368607
1938606
375286
964
2025949
80842
92645
341045
279058
158899
279113
1809410
204773
847
926
1050370
426114
946333
1658665
76731
1768242
34029
28068
105560
1296669
864051
1469502
1834205
413882
2259134
1108595
1778675
536
2059672
2202142
2202141
332411
168471
748280
57480
1192162
1938604
1906741
495
487
1853276
1853278
326523
655307
28091
28449
486
485
483
490
488
489
63
96942
2290923
2052837
1196083
72
539
504
44577
44574
261292
915
916
153948
1288494
1231
35799
1055487
359408
266009
887061
1662285
1581680
1581557
405
649841
370405
63745
1985873
1188319
1842540
748811
36861
1623449
1623448
41977
748247
198107
2067960
418699
62928
2005884
85643
1134435
96773
59405
2184083
2080469
551760
146939
1898103
259537
2231055
1904640
543913
327160
994692
33056
233181
994695
994696
1576550
669502
189385
1160784
33
83455
1297742
34
35
184914
48
43
41
83453
161493
404589
447217
1391653
56
52
1882918
927083
80816
881
184917
880
873
876
644968
879
191026
44742
58180
901
1725232
631220
57320
1716143
879567
182210
29546
899
132132
45663
35554
443143
351604
1203471
1277350
313985
443144
28232
225194
345632
1340425
483547
29543
19
1842532
29542
1603606
1823759
897
181663
259354
2296
28223
2293
65555
84980
427923
1986146
2358
60893
316277
119484
1548548
453230
33002
84405
1621989
673862
197
199
201
196
195
1965231
206
198
1244531
824
200
28898
522485
374106
497724
1660073
76517
827
1813019
260714
75658
1031542
488546
1500960
1660064
1660074
1660076
603050
505249
1032072
197482
28197
28200
708186
1850254
944547
1278212
913109
28199
663364
366522
1581011
44674
66821
65553
194424
220622
2013514
1986224
210
138563
213
1548018
37372
135569
56877
1591088
76936
214
32025
123841
222136
217
212
1176482
39766
202747
148813
844
269261
387093
206403
387092
244787
959
453816
97084
960
160808
33059
920
1921086
1921087
297
1908
1892
1911
68179
1969
47763
193462
1912
54571
68249
379067
1841249
68570
68214
1855352
67267
1930
2184053
1901
1888
1915
1893
1616117
1725411
2135430
2202000
348043
68246
1535768
33903
285450
1882757
2282738
2049881
164348
67304
29303
362257
1950
1889
465541
38300
553510
1940
1914
1783515
40318
1926
1890
1355015
1938841
68223
1736046
1885
1038928
68280
862751
68209
1827580
2094021
2072505
42684
1907
1812480
1849967
408015
1109743
1262452
146923
1935
2174846
234612
1690221
1561022
68202
2059884
444103
285473
1971
1751294
2211357
2083284
1661694
1437453
68192
1837283
1964449
188770
1961713
1851167
1972846
67258
1649184
1495638
92644
1902
42239
75293
1265601
1169025
355249
1984801
1881022
1916
206662
1218177
565560
1223307
1642299
2306165
2099583
2099584
285530
1906
2018025
2066
1894
68173
2126346
1764
339268
701042
222805
1767
1138383
1784
722731
482462
212767
1768
1936029
1879023
1545728
1682113
78331
1773
29311
1781
1769
1273687
2051552
1920667
164757
1561223
1809
261524
1168287
265949
189918
164756
2041046
1772
1804
134601
36814
758802
1800
110539
1810
1791
370526
1771
1797
1766
1795
36809
83262
1578165
1774
1520670
875328
1788
639313
37919
1990687
43767
1830
132919
1805827
1564114
1829
1833
38310
679318
1653478
1828
1653479
191292
103816
1045808
1723645
1570939
1807790
334542
1727214
935199
1033922
1500843
37326
135487
455432
37330
37332
37329
134962
1718
65058
1717
38289
43770
1719
1404244
1705
571915
1724
1727
146827
152794
1737425
35757
225326
1652495
160386
203263
1721
1408191
161895
38305
1231000
575200
1697
43771
1050174
136857
28028
89154
108486
169292
161899
1121358
161879
258224
349751
156976
187491
156978
38301
1223514
441500
35755
161896
1072256
2080740
702967
1230998
38288
2079535
191610
401472
191493
42817
38302
1487956
92706
84595
337191
2055
2054
36822
1737359
1136941
2059875
1004901
139021
499555
2052657
546160
712270
57704
2061
286802
1528099
104336
1714373
2033
1938334
370764
367477
1906742
300019
162426
36805
84292
2014534
912630
1795053
1916917
1696072
199592
2103230
1575
1798223
1798216
1798219
1798220
1798217
1798221
1798222
28447
1978566
2220095
670052
69373
1905847
1561023
453304
589382
2080742
1795630
1446794
412690
399736
684552
33888
145458
1987356
708131
2079575
529884
535712
1855377
150123
2079792
2079791
279828
1619308
1159327
2282656
656366
37928
2020486
290399
1357915
1704044
1494608
1849032
2211210
2079227
1652545
1806905
1118963
1771959
121292
85085
361575
728066
388357
446860
71999
1702043
72000
256701
43675
2047
37927
1618207
1270
1646
556325
2170745
2058657
43663
1903186
1331682
556288
2017484
43669
2017485
472569
1630135
53358
443156
2283195
1758689
1658671
857417
1710
1980001
372663
139208
186189
1708
1711
2003551
11
545619
1703
629680
1136497
571913
1274
1276
84757
2171623
100225
1863
60920
43674
2039
31958
33910
1896961
1804986
1911175
1814
208439
129921
240495
1690815
445576
1641402
1096868
1688404
1096856
2072503
340345
1470176
1612551
1612552
632569
40989
40988
1852
40990
42197
40567
860235
1586287
43357
103731
211114
1836
1653480
530584
1877
307121
291594
709883
356851
47857
285665
47858
1881
47865
261654
356852
47872
299146
299152
2039870
2201999
47850
648999
113562
196914
649831
1866
134676
2033844
2024580
2071627
2108470
168697
168695
1003110
196162
450734
110319
2045452
2079793
2041
2107713
1736691
219314
546871
546874
182640
117157
2045
642780
75385
1332264
399497
1610493
1909732
2161816
630515
29405
1747
33010
33011
1748
2057246
1744
671223
675864
1750
1871034
2202249
2001
1909395
2014
280236
53437
2021
1411117
2020
216816
1685
1680
1681
28025
1694
158787
1689
1683
33905
1684
630129
35760
638619
28026
1686
1687
1691
2702
78258
78259
2079536
712122
2081702
2321394
544580
111015
131110
1851395
1912795
52773
178339
1852377
1960083
2171980
59505
1661
131112
28264
2051
298653
298654
710111
1859
106370
656024
1907575
1882833
1884905
1884913
1884914
573600
1884904
1884907
1884634
1884915
1884916
477641
1861
138336
419479
1798224
53461
1090615
304895
283811
414996
131568
2006
1650658
28049
1841863
471189
1335613
84112
502558
84110
446660
79604
84163
1944646
712411
604330
133926
1805478
2109685
1871022
1382
74426
33871
1531429
42256
49319
2051957
1608957
1848755
1848756
1848754
1848255
191495
53635
1396
1428
64104
1405
580165
1890302
1392
1892404
658666
2053832
1839798
155322
1423
492670
1390
659243
1648923
119858
1452
1402
72361
1404
1478
1408
79880
1398
1664069
665099
561879
1705566
1402861
421767
352858
324767
264697
33932
129985
666686
859143
1413
199441
1441095
2011012
1467
79883
1547283
79885
86665
1581038
300825
86664
35841
632773
98228
1471
1565991
1479
1178537
293387
1049581
756828
1127744
2009331
412384
2052936
1827146
2267265
1774743
1628753
1446792
2093834
1941347
563169
1574141
1570330
1856406
79881
2049935
1837130
2026248
1409
1421
2072025
2086577
28031
2169540
1145276
33938
33941
169283
1462
1394
1921421
471223
129338
33940
1422
1233873
691437
581103
544556
550542
1911587
163877
1473
2017483
1482
403957
182710
2052660
746691
33934
294699
196180
198467
1490057
1490052
402384
1570
1221500
255247
1295642
1426
1472767
2213194
586416
33936
1230341
1449
1406
61624
44251
189426
414771
1536774
1870819
324057
528191
1870820
483937
1536772
59843
160799
1536773
1464
189425
1126833
1566358
169760
1616788
2023772
1695218
1536770
162209
1536775
1536769
159743
1178515
365617
1536771
172713
1532905
1763538
1401
481743
1462996
1619311
2069255
59893
1393
1465
54913
1500254
1450761
1882832
377615
1280
1282
1288
29382
283734
1286
45972
1295
28035
1296
1290
29388
1283
29385
214473
985002
61015
29384
170573
308354
70258
155085
46127
643214
1281
29379
1284
985762
70255
1294
246432
1292
2025492
1715860
69966
1898474
1855823
407035
1461582
1849491
192421
161360
1302659
1215089
414778
1526927
1038856
2058136
200991
1374
1598147
1571
1476
2283194
1930546
1930764
76853
2048654
1508404
241244
1750719
2320858
1639
1638
1642
1640
1643
2756
1903704
1214604
33943
2055160
405212
360911
223958
332410
132920
1399115
1224749
1849031
29391
2040624
1785995
1471761
2071623
85683
1582
1597
1590
1589
1580
1598
47715
1584
1599
1624
33959
1613
1596
28038
1610
240427
1581
1604
375175
109790
637971
1587
60520
152331
1074467
1007676
2304606
267363
1847728
1612
97478
1622
1193095
1602
89059
1138822
1601
392416
2099788
164393
2099789
1623
267818
47770
1579
1218493
1303590
293371
303541
148814
1600
1603
83683
53444
1625
1545702
1218494
52242
2108362
1255
1254
51663
114090
187452
1307
1336
1334
1328
1338
76860
1302
1305
1314
1313
1304
1308
1309
1303
28037
45634
82348
1311
1348
1310
1318
1349
400065
2173853
1811193
1814128
315405
1346
1917441
1326
1825069
1888195
1340
1345
2021971
712633
102684
113107
197614
1759399
1902136
257758
1156433
1335
1156431
150055
1839799
712624
59310
1319
1358
1364
1363
1366
1352
1351
53346
2005703
160453
1354
53345
44008
417368
37734
2060307
2057791
2060306
633807
519472
51669
33970
1244
1245
33964
1252
1511761
1246
255248
136609
979982
137591
1631871
1249
165096
155866
759620
1629
1247
336988
2748
2751
208596
1564681
147709
1903686
708126
1911586
1376
119206
51665
128944
87541
1377
2036206
1993866
1491
1502
1520
1501
36745
1534
1492
641107
1493
169679
1561
238834
755731
29341
1497
217159
84022
1488
1513
1216932
1042156
1519
1504
1548
394958
332101
2068654
182773
46867
1542
1494
1509
1538
1702238
84023
208226
461876
1424294
1041504
49118
1508644
2086584
2082193
1834196
208479
29370
66219
84030
1871021
2109691
39491
712991
2109690
831
43305
185008
1912897
1322
1796616
1532
29360
301301
28446
649756
617123
1679721
1563
339862
885581
79209
49338
36854
233055
142877
1564
59610
1833852
1565
55583
1147129
1131462
102134
58138
51515
51197
863643
471827
1264
1160721
1161942
853
29343
1572656
292800
253239
1796620
1736
29322
39488
39485
33952
2184575
288965
1515
1677857
84032
1521
1510
884684
236753
1834198
1496
1505
1731
1511
143361
2081703
114527
86332
76124
143393
178899
73919
1297617
2109688
1981510
351091
2109687
863
86170
2734
35701
1805714
2325
46354
108150
583357
106578
496866
399726
29323
573062
1525
42838
161154
85874
499229
129958
911092
44001
55205
413888
717609
413889
31899
52765
52766
1517
1550240
29329
291990
184064
1794699
252966
656519
2331
31909
42422
28187
375929
971
712528
69823
1884263
713030
712538
158847
365349
484770
907
1675036
2144175
29466
248315
2161821
39950
1702287
187327
905
33034
1870984
1260
33033
1852373
1912856
45497
1556
1852374
1514105
1648
1702221
1712675
39483
2109692
1834207
1522
1555112
1871025
243899
2005458
92942
1306274
272131
1261031
1869241
28072
224012
1618022
374162
317936
446679
1973475
1751286
103690
1165
46234
1647413
264691
1164
142864
1973486
1954172
1954171
938406
2005461
32054
99598
1337936
2005462
2005469
2005463
373994
1197
70799
109266
289435
312883
136073
1137095
2005464
2005456
1752063
1940762
1541975
457083
195250
195253
1173263
1827144
1280380
321332
374981
1916956
321327
33070
585423
32051
32052
585425
316279
316278
64471
110662
166314
195498
32049
374982
195248
84588
29410
32046
1350461
59930
1851505
1394889
146786
292566
1184
1752064
1080068
111781
1219
1501269
1501268
1924286
1924287
1924285
155978
1147
1148
2116702
1173032
1209493
82654
1155739
482564
118323
497965
65393
395961
43989
395962
41431
118562
376219
2153484
1173027
1206
1160
864702
241425
1173025
1617448
669359
1615909
1173026
2005460
1126
1967666
65093
713887
379064
102116
1807358
54308
1416614
33072
54299
1763363
718217
1188228
1768108
432329
502394
317577
310783
1182571
309887
2080419
980427
68909
1299
2202254
1182568
55148
1309411
332249
274
37636
56956
56957
271
1111069
456163
52022
277
187137
186192
2102
2095
2105
2096
28903
29501
28227
2099
2098
29553
29555
86660
136241
2115
2104
57372
2123
48003
171279
2113
50052
2109
2100
171284
2112
29559
2107
53558
51365
45361
2111
171632
45362
2097
142651
92400
65123
92401
1749074
2118
2110
45363
2128
2094
29554
984991
134821
2130
2139
216931
216938
315358
2137
216935
216934
216946
216944
216937
216942
362837
216945
216933
2145
2133
216936
2136
47835
47834
1114980
2144
1898044
1914410
2151
225999
138853
216427
219745
2149
324078
214888
74700
215578
81459
61635
35623
2148
38986
229545
100379
202462
59748
37692
1911683
1911684
1541959
357808
120962
1108
152260
61435
1522671
1839801
552810
167964
1889813
1986204
2057
500
133453
1806508
1005039
454171
166501
35786
986
996
2183896
2294119
1355330
2249356
1492737
2175091
1981981
1306519
2172098
2162713
2201181
55197
96345
1784713
312277
1763534
459526
253
878220
2015076
1685010
1265445
1324352
558152
1721091
536441
1019
28188
45243
1017
1316596
1848904
327575
209053
28189
1316593
1018
1705617
1945657
1945658
996801
1312072
1855336
1774273
2058137
754397
1336804
313598
1529069
1896175
1117645
238
1756150
172045
1756149
2126553
1486245
411153
1250231
1250205
1913577
328515
331648
1336802
2058134
930802
1476901
319236
1178778
1836467
313603
1250153
1644130
1714849
1714860
1714848
584609
754423
107401
1850252
669041
76594
979
59600
1239415
2173169
983548
326320
313590
754409
1249933
1936080
754417
256
480520
76832
1583100
1458492
1250295
1871037
1150389
531844
320324
1798225
1336794
1336795
2057808
983544
1486034
1729720
143223
111501
516051
2058135
639310
616991
1850246
1622118
63186
1803846
2282170
398743
2027857
34085
57029
1383885
1736674
2069432
252307
1453352
1936081
101385
1336796
1790137
2094025
754429
762954
313588
28251
1014
191579
1653831
164514
624186
39768
1316444
1186051
298656
367488
367806
164516
253245
242600
336810
1415657
2057025
1211326
1379870
564064
1178516
2259595
106
651143
1834519
94254
1784714
985
316068
2183547
1484116
1446467
1411621
1356852
1484118
1850093
2319843
1385664
1385663
400092
323450
388950
512763
1379910
1379909
104
320787
1795355
390884
388413
1727163
280473
232259
1191459
1257021
1006
2321403
1945892
1085624
247481
650378
249402
281120
999
817
818
246787
28116
821
47678
376805
290053
1796613
357276
151276
28113
28119
28131
28132
28129
839
1177574
52227
589436
76123
589437
652716
837
28123
393921
1642646
1562970
28112
712710
2025876
823
214856
328814
1433126
1400053
511435
1642647
28118
185300
1796646
397865
1717717
1168034
889453
1307839
423351
1550579
652787
1300914
1234841
430522
1727164
188932
363852
984
743722
1538644
1010
1933220
2003121
1986952
995
151895
79329
2033437
2029983
1176587
446683
354356
2315862
477680
2341117
1850526
1492898
146919
2026787
1779382
29549
2350
1008
1457365
1096
1092
337090
1094
34090
1100
1102
281093
1868325
1974213
274537
274539
1097
100716
591197
1134405
1379270
173480
861299
833
456827
1632864
1636152
1891926
265606
125
119
120
1331910
466153
1387353
128
1630693
114
174633
1941349
1940790
547188
107709
1882749
794903
1838286
1796921
395922
2736
1882831
239935
1679444
2026799
1637999
591154
511746
1704307
83559
83554
813
85991
83558
1967782
83556
1457153
1806891
83557
1967783
83560
1457141
83555
389348
362787
83552
83561
71667
2094242
1307763
158
88058
150829
215591
81028
1539298
167
409322
221027
160
53435
1131707
1131703
273376
154
46355
55206
1307761
140
47466
144
229155
143
29520
142
141
40834
44449
139
1964448
29518
62088
29519
64897
1674146
664662
173
28183
28452
174
172
1137606
29510
52584
159
84378
1287055
84377
392734
870903
940614
940615
2211140
658062
33075
332163
1855912
458033
851
860
856
861
850
859
1583098
849
671211
167642
712357
40542
712368
1785996
826
34105
187101
1508420
1508419
1157948
93929
126738
2337
2336
93930
126740
1157947
57487
119394
38322
177758
93466
2423
2424
2421
46541
1437364
1462747
651457
1330330
1184387
1545835
149715
69499
1006576
42253
330214
1325564
1715989
180
178606
1660083
28262
75906
136094
381751
380749
547144
547146
547143
547145
940
63363
436114
309806
309805
412593
228745
64160
108007
81462
1197717
81412
97477
81468
336261
428712
118000
197162
2352
477976
1741
1295609
171695
1653476
2056494
1476577
2066483
1540872
1561003
187145
1408281
1408204
423605
167965
14
513050
936456
693075
9606
62320
588898
745377
2086290
2044521
69525
406552
13769
29288
229731
387343
353800
44930
1333523
2238
1932004
1592728
51589
146826
430914
416273
2257
1932360
57705
1679096
1407499
751944
2242
413810
1873524
1604004
2252
2246
35746
1547898
1547899
293091
60847
2247
29284
755307
1073996
1048396
756883
2208
2209
38027
418008
2214
1434100
170861
2210
1434099
2215
1434103
1434102
2176
39664
2177
29291
2226
420950
101192
2322
39669
2223
301375
2198
83986
86622
2315
54120
2201
882104
358766
475088
263906
2203
83984
1175445
1175444
55802
49899
72803
2265
277988
54262
582419
311400
172049
1505907
2264
187878
246969
1712654
53952
1674923
163003
110164
1042877
71998
54077
342948
2016361
71997
122420
195522
2008440
187880
1609559
342949
2261
29292
53953
1183377
1008460
971279
2162
877455
868131
118062
1379702
59277
1911685
83816
230361
2173
1609968
294671
224719
145261
145263
145262
866790
1789762
2317
2180
39152
2188
2187
42879
155863
73913
644281
2190
83171
67760
1301915
2189
2303
50339
97393
74969
1673428
1054217
82076
1406512
1291540
1577791
1495144
379547
673860
2234
1316941
58290
84156
565033
113653
54261
1937004
43080
1891280
2287
2285
41673
312539
563177
79601
43687
1006005
111955
164451
985052
184117
2271
76887
2277
2269
1550241
1483572
1365176
94694
2275
84599
2280
54259
160233
1200300
54254
1273541
54252
54248
1577685
242703
200415
1580092
1229909
1898749
1846278
1603555
1410606
1034015
2045011
498846
2055893
1920749
1141136
1124849
1161927
331278
1335230
1815509
445686
1792032
1150991
1883368
458639
1542477
1883366
929832
754037
1589733
444860
1278479
1327935
1815521
536466
1026955
1608310
1883369
445688
445683
1785960
1429794
1173297
444862
546805
536474
1852628
665032
445685
445696
445684
1137745
1776293
536444
1357714
444859
687800
1540091
1540090
1815522
1527770
754039
1883365
1636182
948870
1283076
1597976
1229753
941058
1007869
444878
1555202
1719140
12336
1273738
687803
756278
1654919
1796992
754038
889956
445700
754075
979525
148943
536453
1527519
1567484
1605379
1560342
1481186
1439894
1458843
1729937
1147094
1136534
1654883
1777065
1755679
1458860
1458859
1161931
1357715
407392
699370
1445859
1051676
1505227
451705
929833
1399915
1498228
1129194
1654884
1458862
279530
1127516
925984
1127514
1458861
1127515
1640885
908819
756280
1500713
12402
1458863
754048
1498168
929834
1537091
694060
755164
1206110
984186
1035662
363555
1204535
683735
103807
889955
1416334
1582155
1883367
1647463
55884
1407493
1582153
1225789
66284
114777
1437363
557289
230158
1445553
268746
1204516
1493511
879630
926067
238854
1340810
760939
762660
1493509
1049283
382359
1481112
760732
555387
1636250
1079999
1079998
1340812
1493512
1493508
268747
1493513
1493510
1493514
1701810
1307804
1141138
115991
329381
1673887
1871313
1527524
1985339
1985337
1985338
1837867
1654926
1815590
1863009
1863007
45406
1863008
1720494
1720500
10693
1720501
69609
1054480
10665
1914200
2049937
1914206
1914202
1914205
1914207
1914204
1914201
1914209
1914208
1914203
1914199
1914020
1914019
1914021
1262539
1914195
1914192
1837930
1837931
1914194
2004457
1914193
2004415
260149
227470
279006
1913995
1913686
1913684
1913683
1913685
1391224
1863011
1655305
1914161
1914162
1914155
1914160
1815631
1445860
1913657
1913658
1852625
1985326
1985327
1980959
1985354
1985353
1222338
1985341
1985342
1913655
1913656
1883374
1883373
1883371
1883379
1883370
1029988
1883377
1883372
1195085
1984796
1924733
1980962
1924731
1924730
1924729
1924732
1980964
307898
1007127
1924734
292029
221915
1486421
1541821
1486413
1486422
1168744
1173764
330395
40523
632112
298338
2058935
1985183
1985182
1857890
2042206
1204543
1986015
10685
857312
55510
1914899
1980961
1914897
1980960
1914898
1914894
1914895
1914893
1914892
1914855
1720495
1914854
1914853
1914856
1805956
1852564
1805948
1277886
1837830
1805950
1805951
1805952
1873998
1805954
1873999
1690431
1922328
1987729
1987727
1987728
198110
998086
169683
1873990
1857100
1965377
1965385
1965376
1985308
1985310
1965382
1965379
1965378
1965383
1675603
1985304
1985291
1985290
1965384
233894
1921530
1921531
321023
115987
1921528
1921529
1985179
1985175
1985176
1985177
1985180
1190451
722417
722418
1980966
1110702
934027
1541686
1084719
340435
1918005
1918008
1918006
1805953
1918009
1984785
1918007
1204521
1548907
1542090
1158680
417280
2006169
2006173
2006179
2006175
2006172
2006177
2006180
2006171
2006178
2006170
2006174
1891703
2006134
2006133
2006136
2006138
2006135
1980926
1980925
1910935
1910936
1445811
1918722
1918723
1918724
1716042
1639815
1815957
1735586
1348912
1777072
1716041
1921411
1921408
1921410
1921413
1921412
1486658
1486660
1918011
1918012
1921017
1921019
1921018
1980947
1647404
1984778
1236000
551895
1127518
10689
1980942
1980941
1980923
1921705
1921706
1925782
1925780
1925781
1542092
1984787
910475
910474
1168563
1282994
1572744
1649240
1649239
1647455
1567486
947843
1357825
1173769
1530085
29252
406340
12407
35343
431893
103216
227940
10679
431892
376820
332032
1451050
1341101
393598
10690
342564
70734
1279082
1864622
1918726
1918727
1229760
1792222
1628720
1915209
1915206
1966265
244310
446807
260373
209052
1980931
499235
261726
1922212
1922213
1922211
1984783
1673065
573175
483266
665033
1572750
1980943
10677
1796994
1296659
1984790
1984774
1984775
1411095
1204534
1582156
1522092
1582154
1582157
559189
320122
262071
431894
264729
396034
10678
1815968
1211640
1401669
754042
1308863
1691958
1572712
1556290
1414737
1150989
1589298
765765
658401
1327959
881953
1647285
1589748
700512
1838075
1805457
1414739
1887650
691966
753084
1552735
756275
384848
1887654
1647475
1412875
1560313
1664246
641487
467481
1150990
691963
1555208
1089121
1821564
10704
981330
279303
1567485
1458670
1821560
45764
686439
1538804
871584
1133022
1458697
59241
242861
1406793
1647476
1527493
1838064
475178
1315956
437329
1852563
1109712
319522
1109710
1524882
1445729
1647469
1147137
1821551
1109713
1698714
10702
547228
1109711
446529
172667
1887647
754049
1327970
1610509
1838066
1573458
1176422
1698711
1327981
1647471
416419
10724
28358
1458669
1327037
1887646
1340826
1887648
1282995
1561065
1718278
1161901
1887651
1567475
294382
1838063
1821561
1874539
1821557
1126885
1647470
981323
1775140
1109714
1821552
1718158
1458842
537874
764562
1445858
37105
754053
1414742
310539
1500757
330398
1838062
12417
741942
1105171
1403390
447909
370623
1071177
1527515
1821562
560178
929835
1690818
1100814
764561
1837862
1667322
99179
1204525
294631
753085
12348
1887644
877240
1675317
1567453
1636271
1327974
255431
157924
573591
438780
139871
909297
1838083
1239381
396359
1610872
190478
1887655
52979
1416012
1622190
1821565
1821549
1647391
1589751
646413
1080237
1852629
1327993
864178
413066
382685
1718161
644007
1747289
1698369
173824
1486428
1622191
1821558
504346
1177632
947980
1445809
1567013
578234
1871692
1147043
1821559
906669
1821563
77048
1755689
1566990
745088
1582150
1476889
1838081
1187894
1229751
423476
1887656
1690817
1821553
1647473
1536605
1647472
1838072
1262522
146269
1821556
1476888
372457
1305708
1204540
51369
1109717
1582151
1747326
1572745
1587907
1887643
1486469
1476887
1476886
1445727
354260
1814960
31754
496874
35345
1647400
403905
40522
1432658
10717
35241
1868596
1739608
1868599
947981
1129145
1871690
767806
1732064
1777052
114416
1701813
1042123
1262516
1871678
1168549
330396
627087
1262518
1777064
1739607
1147144
1536604
1262517
1448274
1225791
1871687
936152
43685
1042122
673376
1262519
1643326
1262515
151599
1701837
673839
1161930
1814958
1739611
1458852
40521
1591073
1701826
541865
1458856
10713
1147151
1262520
347324
1701830
1701811
1262521
414970
1701824
1591072
1871681
1814957
1701828
12390
1448276
1813771
1448273
1262523
1739610
1414736
1267169
1147152
1357713
1701842
1147140
754056
1147156
1743016
196242
563769
330397
1147149
120574
1032362
1701827
1701812
1450169
151536
101570
1483485
1105286
1124578
1572747
1838138
1221835
754055
1399941
151537
330399
151535
1739609
1194641
39103
1118063
1815511
1225792
151534
663241
1572743
348137
1510440
1327770
1690684
1589274
1429759
1647300
1805459
1458717
1458846
1056833
1701853
1784956
1383059
1560285
1698366
1815972
1486426
1673873
1354510
1437839
1555235
1262532
1673876
1821723
1458841
1542912
1718166
1327776
1815969
1718172
1089117
1527520
1555201
1076630
1327772
1527536
1698417
1792253
1458724
1340827
1445714
1755681
1701845
1327035
1675553
1383054
1340818
1735466
1567466
1429904
1527534
1873889
1458726
1873895
1551710
1245814
1873891
1429912
1718171
1391432
1675548
1701849
1647308
1567468
1458714
1327948
1354511
1327773
1429791
1391431
1498204
1527535
1698441
1486425
1340825
1391430
1698420
1468169
1391433
1086749
1354512
1391429
1527516
1168595
540064
1327947
1993867
540068
373405
1993865
1089111
2003504
1089129
205870
28369
31757
1993882
148603
1089128
1993886
663557
1089118
1051138
1089116
1993861
540066
1051140
2003503
1993885
260121
1993862
540065
1076136
540067
1983110
1983117
1983106
1983119
1983118
1983108
1983107
1983109
1383055
1982902
1982901
1340830
1463812
1463809
1463811
1986540
1986350
1982928
1982926
1982927
1982929
1986538
1034149
1982918
546184
591487
1982905
1982917
1089110
1982904
2006145
1204539
1206557
1647411
1863010
10726
1567006
1982564
491003
977927
1112008
1540099
2049893
1982565
1945575
1541819
1414747
1698709
1647313
1567471
1560286
1606763
1567473
1486427
1084722
1718600
1506716
1486473
1891963
1056831
861044
861045
1993872
1097753
1981042
1981041
1981043
1920862
1920861
1920997
1920996
1920999
1921000
1920994
1920995
1920993
1002724
1921004
1921008
1921005
1654889
1837218
245685
1540096
355246
1945565
1073767
1527512
1541823
1327036
1536603
1340820
1551711
1698712
1527511
1698357
1815608
1662284
1675555
1327771
1536598
1673889
1556289
1739966
1698713
1340824
1698715
1340708
1327777
1739967
1340822
1445728
1675549
1698356
1527580
1527463
1340821
205868
205876
1168594
1089132
1993864
563123
685506
546182
563119
563122
1071505
373408
1089120
1993880
1993860
1074303
373412
1647441
1654740
1647438
1235645
1647436
1647424
1654782
1647442
1647430
1647426
1647420
1647427
1647419
1747271
1647421
1654780
1235649
1647418
1690805
1647439
1647432
1647417
1647433
1647434
1654781
1647428
1647425
1982265
1982270
1982256
1982287
1982257
1982259
1982262
1982254
1982308
1982303
1982271
1982306
1982272
1982307
1982304
1982268
1982269
1982285
1982266
1982280
1982264
1982253
1982305
1982277
1982260
1982284
1982261
1982286
1982258
1982263
1982267
1982252
1211643
1204537
1211642
1211641
1211644
1821566
1887641
1887645
1982560
1982561
1982558
1982559
2005696
2005698
1857099
1868170
1465618
1465613
2005692
2005694
1981032
2005700
2005701
2005699
2005695
2005697
1911008
1911010
1911006
1701257
1340709
1527513
1567005
1340713
1541824
205879
1993879
1089119
1873777
1982889
1982892
1982888
1982885
1982890
1982891
1204524
1982894
1982882
1147042
1147044
1464127
1636205
1505026
320843
1168613
1792269
1636204
1308897
1347760
1498171
1195086
1195071
1698421
320841
320840
1197952
55511
1197953
399185
320850
398839
320844
326036
487152
320849
379501
575608
320834
106284
320845
320842
320846
59506
326037
320848
320847
405947
872294
320835
1720498
1883202
1883200
1954378
1954380
1954379
1981026
1981027
624134
1245890
1458831
1647309
1647305
1647304
1873887
1327952
649688
1074304
373407
1718599
1340836
1873696
861047
1034125
1086751
1406782
1273741
1273742
1406788
1273740
1406784
1273739
1262538
1262535
1262533
1262536
1262537
213769
1165134
665883
287412
494269
63118
665884
83129
213775
31532
1921713
1921711
1921710
1921712
538979
1188794
329254
232237
470314
279383
462590
1981049
347328
1981048
1383057
1070990
1679524
1327764
1679530
1647311
1327937
1430411
1327939
1354514
1357669
1391180
1327774
1391181
1340833
1391179
546185
1993871
373403
546183
205869
754051
424716
1813769
1873985
1654890
1543203
1813781
1541887
1173754
1173757
1141134
1005056
1458711
561998
373411
561999
1982366
1982751
1982749
1982750
1982381
1982380
1747287
1982377
1821537
1821541
2003505
2169798
2169799
1555233
1821538
2003506
1175662
1659230
1921548
1921547
1921545
1921546
1921120
1921121
1921119
1921118
1755682
1982747
1982746
225588
374422
747763
10719
1982363
1982365
1982364
1982571
1982570
1983738
1983737
1821727
1983741
1983739
1983736
1983742
1982368
1982369
1051631
112023
64186
72638
633135
90410
1922246
1922247
1982109
1982107
1385385
73422
1392231
85154
682370
78541
459845
306323
466051
466052
1981020
1981024
297254
508419
1981023
1981022
1982225
1921130
1921126
1921129
1921128
1921127
1340819
1340831
205875
1089135
1982098
1982096
1921554
1921555
1720493
1982358
1982357
1109716
1701851
1982376
235201
1108070
1225794
984175
1147158
432200
1147153
1147143
1147150
906668
1147147
432201
432198
1147154
1147145
1147157
37554
10742
1982228
1982229
1982148
2049886
1622193
1089115
561996
205872
1918193
1918194
1918192
1982237
1982238
1887652
1887649
1838077
1838070
1982563
1862962
1862959
1862961
1862960
1862958
31537
36343
1325953
1993859
1921698
1920752
1920751
1918720
1982360
1982555
1337877
1636263
2042207
1921561
1921563
1921559
1921562
1982093
1982373
1982090
1982240
1982151
1982246
1982245
1982575
701257
552525
1982247
1982248
1391659
1982102
320836
71366
129009
648017
1505027
445517
1519999
668618
445515
387909
874267
1308896
1498220
259901
360398
186153
2005060
335797
180504
431891
255131
1633149
1633150
1633151
40631
1536596
1223261
1391190
1481224
1223260
1777053
1548918
1161903
1777054
1223259
505292
1091556
10708
505291
389469
937835
397353
31535
1129146
1982219
1982105
1674930
1277672
445516
1165702
1168612
1399949
430796
320837
130478
575610
215167
320839
186152
57478
1236573
1147148
1147146
1732063
66797
345922
359961
2034999
1982221
2170091
445693
1777063
616674
756277
1701809
1985729
1527771
461711
1873958
754041
1985730
1273711
756276
1141519
1206559
382262
551790
1675027
1141132
1401297
1481785
1712539
1283079
1283078
1264737
754059
1536597
1538364
1465639
1873949
1100790
445692
1560282
1357704
885867
1873959
444875
1654601
382273
444876
754040
889951
1279083
913183
988656
1755692
1647385
1852627
1051673
1455076
1735591
1239382
526118
866889
942165
1204538
1527506
1543199
329886
1755695
1562076
1455075
1837842
1410331
1805467
1805466
1572754
1498170
1572753
532075
1788294
1500756
532076
344021
669008
644563
1407608
979535
227720
532074
10759
1610508
1805464
1536611
532078
1805465
110457
529929
1636314
1636313
928293
369257
1985739
1985738
1985740
1498172
1542498
1217810
1151014
1141139
979726
1636249
1560284
1543201
1560283
925983
194966
187764
344022
1985737
1402875
641832
693582
386792
627480
1548902
1640972
1527525
1225790
484896
1262514
1141525
496396
1985731
1985732
1481187
1406779
1698439
1985712
1985713
1985718
1985715
1985714
1985716
1985717
1920780
1980955
1920778
1920777
1920779
1920781
1980956
1980958
1980957
1587520
1985722
1985727
1985725
1985726
1985724
1985723
438482
151528
268748
1415145
1985736
1647284
1647474
1589270
1647286
1701850
35344
1300003
1054968
994601
1141137
1406780
754052
754046
1477404
1563661
1051675
1416009
1664247
1327977
1458716
1540097
490912
490913
1131315
179237
942016
948071
49964
373126
1622234
1161935
1529058
979533
1283071
1589297
1235689
1316739
1188795
1357732
1461743
1417599
1168281
469660
1636270
1173761
1161906
1173762
1283077
1327985
1328030
977801
1327983
1309583
270673
434346
1874000
1734382
1747288
1874001
1874002
1486423
1161939
503388
670252
1792273
941970
754072
754073
1792272
1325731
941969
340054
1920759
1920754
1920761
1920755
1920756
1920757
1920758
1987939
1987941
490103
1987942
1987940
1987938
388452
194802
400567
136084
1327971
440250
347326
67571
1453367
470865
1543206
1821228
1010614
320832
204090
230871
204086
12345
10756
10778
1128071
338473
35238
1162306
1162305
1162304
1982584
1114179
1235661
1158721
1640969
2040656
2040658
188350
2040655
484895
2040657
1566995
1636189
1639814
1640973
1530400
1920765
1920763
242527
1136535
1195073
644524
1982596
1982595
1874540
1233488
1982588
1921187
1921186
1921185
1675598
1921189
1921188
1982577
1982578
1922330
1558467
1558469
1922332
1922331
10752
1982591
1069378
1987149
1987148
1987150
1921123
1864623
1124654
1982579
1982580
1982581
1984800
1984799
1090133
1647458
1524881
348058
1168548
1127357
329864
590739
876449
1813779
1810705
714583
221029
155148
10761
173443
10754
279280
194699
280701
1981167
1981170
1981169
1150869
936054
1981168
1981162
97081
379329
374810
1981160
1981164
1981165
1981166
1654891
1868169
1868654
1987157
1987987
1987989
1987155
1987159
1987988
1987158
1987993
1987152
1987153
1987156
1564096
1262513
1206545
2169690
1987994
1477406
1091052
444861
1220717
1472912
1235559
322855
1543205
981335
1503929
1636200
1197951
365048
1701814
175950
10680
50292
188763
10359
50290
1535247
1919083
47929
1125844
1940555
1846169
10372
32604
32603
10366
28304
1261657
548914
768738
146015
33706
10397
1608255
80341
10331
10334
35246
10335
170325
39637
10326
10345
55744
10320
35244
10353
1343901
137443
10298
481315
35243
2003507
10325
10310
10317
340907
93386
10390
1890678
104388
35250
37108
50294
10386
1561226
702736
1981153
37296
154334
1605972
33708
10385
10381
85618
10380
1504288
10398
138184
35252
1960249
1960250
10376
45455
106331
10371
12657
311179
1780507
1452540
180230
317878
317858
150286
389214
85655
1987509
10401
261939
1513231
1346829
566270
1367203
307461
1592576
542343
31507
1307956
490711
1642929
1962501
208013
207830
51313
320432
1580580
307467
1307957
10455
10454
1563660
1207438
10449
166921
46242
59376
262177
101850
10456
332054
28288
161494
1850906
70600
74320
58094
208973
1987479
1307954
307456
74660
224399
271108
204440
78219
268591
65124
1136024
1675863
252584
364745
1352289
307454
10464
28289
359919
166056
262175
192584
1986290
307444
35254
1750712
51677
170617
489830
1675862
98383
283675
10462
2169745
115813
111874
204507
249151
1675865
1675866
130556
1349410
1605721
1349409
1903266
1450746
1100043
754070
754069
491893
756285
762905
712037
44088
648998
2059380
10261
336486
10264
28874
160796
10256
12643
10243
10244
10255
10245
28873
28871
129728
187984
129727
10258
129726
2025359
2025360
1076255
10273
10271
240426
1873698
2029293
67082
99000
38804
10266
186805
59509
1285600
10279
304399
10276
1179664
1993630
28321
10288
1993631
62099
83191
1680908
1329402
39444
755272
933845
880161
1586713
1586714
1586715
880162
642926
1663208
1663209
1663210
754064
696472
1785753
1917232
380598
381899
322019
10506
46021
46019
240262
240267
240264
240261
455364
1474867
37665
39420
251749
181082
97195
1094892
985782
1128151
1586712
1513235
212035
1955558
1826170
1725342
1560514
1255301
999883
1813599
694581
345199
1301280
345195
345585
345198
1301279
176652
345201
1898060
256729
36363
262968
638660
265294
100220
84739
10493
100217
198068
180170
1465751
1697349
1887316
108098
2003578
740971
10535
130310
413258
38416
1165908
130308
2015370
129951
10537
1986022
129950
2170003
1146873
129875
129955
536079
1986020
242710
130371
129953
2170002
1986023
298334
1986018
114424
129954
130309
130369
1986017
1986021
129956
1146877
1146874
696859
1986024
2170001
2015372
1986019
2015374
1962300
2015375
2015376
1962299
130370
190065
190063
190062
1534553
1962302
190061
1548417
1193420
190064
2169708
1962301
1146875
346174
130500
130328
2003673
2003672
130499
1146872
130327
298333
691961
298331
886980
1003177
754058
573174
573172
573173
754044
573171
749413
1183239
1567487
889953
754067
1131316
754074
347327
1784982
1536592
1176423
1567012
1567014
1567011
1435411
1391455
1732176
1432847
1449437
1391456
1526550
1432848
889954
754043
754045
75590
320831
419435
265522
10484
39640
53988
1273749
1273746
1273748
1262528
1273755
1273753
1273747
1273751
1273750
1273752
1262530
1273754
1262527
33771
222645
1732177
1580591
1732178
1351702
754066
1732179
1732180
425386
1513256
1175848
1513264
1513257
1175851
1513260
1175849
333926
1513262
1513259
2169902
1961678
1513263
1961680
1175850
333929
1513258
1175852
1961679
1513265
1961681
333931
333928
333930
1513261
1647924
931244
10570
333757
337043
337039
333754
337048
337042
333766
337049
337041
337044
333767
337050
1513268
10564
10565
1175853
56144
337052
1513276
1177758
1177759
337051
333924
1172193
334208
334207
334209
1175855
35258
181667
1513272
1175854
1176145
334212
1176146
1961785
2083182
1233177
10561
1513273
2170255
1961784
1961786
1176148
1513274
1177762
2170171
2170170
1176149
1176150
1513275
334204
334203
1961783
1177763
2169881
1513255
1513247
1961787
2169879
40537
2169886
10623
122291
1513253
82676
1513250
10567
1235662
1177767
1921773
1921778
2170236
1176147
1932912
1920498
333919
1922208
1177765
1513254
1513252
197771
1513248
1513251
1177757
1918731
334205
1177764
1921824
197772
1932910
1918729
1513249
1177766
2025338
10571
1887214
1887218
1394141
2025339
500654
479058
1887213
652810
10566
2169692
1654582
1529056
1546257
29250
92521
432587
113366
328615
113370
2065215
1662286
1885927
1552409
1273092
1578134
1965344
1236403
1588048
1904409
305677
1273090
1904410
1236401
1276181
1236402
1904411
1276184
1623686
1970065
1634381
1236399
1561705
36362
1276185
1582477
1978920
1588049
1191100
2016463
1885565
888441
46771
1904408
1236400
12480
1891717
1891729
1891722
1679933
1236391
1891727
1891742
1606499
1236409
1891721
1891718
1606504
1891730
1891726
1891728
1303334
1891741
1606498
1891734
1236407
1891719
943908
1606502
1606500
1891725
1236398
1891740
1891720
1891766
1608323
1891765
2006148
1919247
1891771
2006147
1606503
1891764
1891775
1925019
1980633
1606497
1606501
1891770
1891757
1891760
1236392
1891759
1891763
1236410
1236395
1891762
1891758
2006158
1891774
1891748
1891751
1891746
1891750
1891752
1891747
1891749
1891755
2170103
1891756
1891754
2170102
746830
746831
1891745
1208309
1732175
1245909
537009
157899
309181
157898
1895333
1983545
1983547
1983546
1983551
1983552
1983550
1983548
1983549
176106
512792
346883
346884
346881
346882
300186
235266
342409
1285594
1285595
1797140
1123964
285013
315953
10497
2049890
1154689
326574
1282967
1714272
1714273
1723446
244589
2032573
693628
2032563
459290
459291
244590
693629
693627
1298531
1732174
1732173
437444
270161
292639
1932927
1932926
1932923
513550
663237
307240
341938
10658
269145
754004
1654339
1918014
2169571
1805492
128708
1032474
46014
10661
650121
1604871
1849328
1929150
1193974
47681
138949
138951
1330520
147712
1330521
310907
463676
138948
147711
138950
12064
2040663
2169885
106966
1534547
1534548
1609159
2016448
1089138
928289
1888309
1074863
1964370
1603963
1108810
1534544
1074865
1483681
1958776
1565990
1074864
1603964
1564115
2013564
1659219
1476554
1452516
1074213
1836608
1298633
1897731
72149
1986958
1745248
1745247
1768064
1745249
1745250
12092
1987124
1987127
1987128
1987126
1987123
1233383
1582094
1330491
2003649
2003651
2003652
2003650
1960206
1477516
1350001
1330070
2170007
1902502
1902501
1511805
1803956
1803957
2031165
2031166
1821750
1821751
1821749
686983
686985
1958777
686984
693066
47000
12110
1155188
1606765
1985982
1985983
1766559
1511772
1534550
1766557
1511776
1914574
1914575
1914576
2169966
1755590
1958775
1330524
1547495
1755588
1746030
2065211
1511803
1481452
1562064
1431460
1511781
312185
1986960
2169685
1330068
1659771
1511779
2003391
1603962
691956
390157
1914568
70796
1511783
118140
2169853
2025079
1330066
65743
12615
12280
1071488
1927714
748667
173976
65068
12282
669377
12809
1935922
191547
223769
1527441
12275
1962503
257464
12273
12274
233784
12271
328061
392504
12261
12262
12260
128790
12264
649890
12263
1432135
76875
50817
182452
1131416
1481465
661101
1358807
370833
1561160
1425364
470166
1810396
367301
167161
28351
1120751
2170181
202566
257463
101688
1476584
35287
51354
1720595
12777
680112
47416
1906245
1958778
2018471
1690666
1936269
1972700
1487185
1432857
1267585
170621
1541119
1111710
1225732
1993638
1072333
1521188
458132
1460071
232800
1228012
12742
89463
198112
1345661
1345662
1591444
1675864
1920698
1654357
1911104
2054920
1965238
1629132
1410467
1566869
1464786
1911443
1027947
1926967
1041883
1432856
1776109
1983569
1926968
932662
142102
294365
92444
68876
294369
1769780
1541211
2005444
12136
66834
209529
64279
81583
2170238
64698
103442
92395
1105381
1105380
1663127
1930509
1884450
1912234
1931371
1813613
1931369
1795648
1931370
1781241
1654355
2029771
1983535
1196647
1926996
1926969
1926511
2018500
2018501
1923469
2018502
2018503
2169814
1648484
1648482
439015
1648483
1648481
439016
2169725
359987
497136
1522179
674971
324900
393767
1503289
1508224
1503292
1503291
1264898
1920748
1964806
1508228
1503293
693997
11137
1913642
694001
693999
1244203
1913643
28295
277944
693998
1590370
1541205
1160968
694005
1335626
694007
1965093
694008
694009
694006
694003
290028
1159903
1159906
1297661
1297662
574549
1159902
1159907
1159908
1159904
1965089
1892416
864596
1508220
694448
694014
694015
237020
1837217
74501
1965074
405554
1986118
1986113
1986112
38143
1658615
1936072
1885929
1823757
1737586
1965065
1546177
28344
1806637
1806636
1546178
2012619
1734441
11048
1118369
11047
1312874
1945562
1945560
1945563
1945561
2040578
2040577
2060479
2016400
96491
2018313
2018312
1888953
2005044
930881
12844
46619
43130
1072517
796352
453050
573615
32620
1406816
62059
12205
187977
1176153
146500
221262
112436
40640
1198144
1886606
52280
12208
29271
394036
487155
32624
160842
2170135
43240
114921
341167
12199
42004
418827
12210
168135
46917
400396
1963260
1080799
12230
332471
270478
515446
1862127
12222
515575
12202
12209
167129
31743
433357
73423
1220025
31732
1239452
41460
861561
1688637
320856
115232
414528
157018
1792583
12232
12198
192452
31742
369752
33765
12196
79917
160358
405558
87097
187978
32619
201862
1856031
421010
578107
12197
45661
12204
12215
1324128
12224
409486
129732
33763
243560
400394
373398
715480
291286
443746
12216
433462
91613
322053
12203
114922
945960
421012
12228
255066
299200
12227
1775963
160843
12211
326202
12201
1859135
48982
41459
397544
1890365
137475
946046
137758
1414644
42631
2170240
460364
31741
112437
12466
75746
12465
59500
157837
46076
1993639
128818
1987403
431317
1198147
53954
40666
41764
41763
1993907
1959287
1922832
323118
1048434
643132
218849
1708654
1566298
577122
1708574
1456752
1691889
390845
486494
390844
985683
31658
631267
1125677
64318
1302179
64317
1244565
161675
12637
44024
64320
11082
40004
64293
64286
11079
64290
64294
64311
64300
59563
11089
40012
64292
11080
64288
64305
11085
64303
12542
33743
11072
164416
11083
64297
64283
64312
11084
64309
64894
64319
64296
64299
64307
64285
64310
35279
64280
44026
64295
11086
38837
64284
11103
1633878
1562038
1281455
1281454
1562039
1325446
2008763
2008769
2008770
2008761
2008771
2008765
2008773
2008768
2008772
39113
2008762
1685953
1983570
1495316
1963247
1286143
1906179
1485186
1445557
1969397
649187
1821222
1821227
1805494
1172985
667516
1969400
1307801
1321391
1869278
1562065
1307800
1985361
1985358
1985357
1985356
2014960
155905
1562066
1914447
2170085
2170087
2170084
2170083
2170088
2170080
2170082
1803898
1569053
1569052
1853762
157777
797075
255255
475777
404404
101764
263004
12166
1468172
592206
47900
666859
142843
375546
1177630
12173
216614
12165
1307958
2169802
2169801
2169803
1899566
436066
590403
104263
1592930
1093773
160844
31722
335963
478550
1046402
12169
329164
12167
12172
132477
379892
138982
67761
12171
241525
351428
1211388
2016035
351427
35350
351426
75387
471498
196400
1243178
1312929
1424279
129143
65467
185218
2016034
387423
35288
1972716
35289
1221437
516956
1112770
51617
131226
183585
81877
307677
12175
1051792
1770618
1868472
42882
28347
2020286
1247116
1003891
1247115
1425362
1425363
1667230
1343920
36403
1472425
129141
167927
148879
1978413
445435
1881013
2060511
317027
392174
447171
1081702
12180
1331744
253701
316983
39046
253700
112229
12177
1176736
35286
333348
12178
112228
85454
253702
12182
12181
1503864
12183
214439
112227
12179
2016427
28354
12188
12187
167132
457382
1977392
301865
12194
31770
150284
1985968
12432
12430
12433
12431
1043184
1921009
2016426
150285
1214459
104664
365150
1400526
2013968
174142
213034
547467
1027880
688701
12152
312274
1296569
2035014
73819
72539
12158
312273
70823
12151
12154
70822
312009
12153
312275
71030
70821
12157
204933
1027869
312008
2169999
630199
626962
2169998
1778580
670883
56879
59749
167478
288456
548908
1236047
103723
103722
1682187
1682186
113553
1871631
1502101
2169864
129395
1888311
81931
267970
103881
656520
642478
51330
67754
72750
227507
558690
404196
1712389
31713
52135
12162
1543207
326941
399314
167634
656190
64003
300740
1692045
12161
551454
367121
203168
71032
1381464
47985
55951
1815581
154339
675077
70177
180903
217615
937809
217686
1654603
1493829
1206566
265877
2024724
940280
1170425
1170424
1552662
1457165
1170422
1969351
1746059
1746073
1746069
1746060
1746072
1746062
1746074
1746064
1746065
1746057
1746058
1746061
1500866
363716
1500865
1746071
340921
1746068
1746063
1746067
1746070
1491393
340187
1746066
1088890
1560351
640897
180822
191289
218667
75914
595895
111470
67962
198589
1979541
208293
368736
12238
31749
111970
368735
1032457
1128119
99585
1123754
327387
229030
425279
1761477
12235
1416026
12239
146499
111418
35281
1501716
233051
12241
51680
388038
185955
228578
1169032
402399
12253
1391702
335187
29272
12242
28375
2030954
100887
83544
107804
45103
37128
1758139
46436
71972
79918
12295
12294
31750
32629
28355
12327
1527523
1920772
11036
84589
11034
11021
44158
11039
59305
59300
1231903
2169701
48543
11020
1930825
59301
59302
1159195
11024
11023
37124
48544
11029
1440170
11033
11041
1914442
1161132
1961666
1105379
1157338
682382
1961665
1389204
1254425
1518574
1105378
1137931
1662272
1027245
1027247
1435485
1027244
1027248
1239565
1239566
1239574
1239567
1239573
1239577
1239570
1239568
1239581
1671382
1141625
1522059
1093928
1074210
683174
1247113
2025396
1247114
683172
1906170
1906173
2025397
2025398
905828
1349999
70793
336959
1239439
42680
255238
1386090
747056
151043
243563
2169960
12319
64958
37127
339420
37733
12317
37126
134632
39681
33760
722755
56486
269213
37125
188141
12301
545259
300879
12302
12303
12313
12315
578305
12305
116056
1464778
1195163
33773
12321
220618
12144
270256
12143
12142
208084
208086
39443
255587
12145
35280
254711
255521
270257
270255
1435450
1817526
68033
473784
47736
193120
47740
184020
1538549
283876
204928
11986
352882
35291
52274
943272
44562
229149
1421055
165432
445227
535898
167018
167019
167021
167020
2021212
1950126
1725329
1884832
1930269
40279
1352511
479060
11987
578361
12627
199361
53181
31711
77344
11988
12268
12267
28348
12056
196375
45224
295090
12055
47669
12138
137556
146762
676234
60714
944580
74724
1564182
154122
1960046
1615583
436911
303317
35612
11978
95342
1185359
1959930
11983
1903318
1172196
1493858
1489836
243550
646294
1949201
11976
33756
576948
2170030
1812179
1577997
2019445
1564903
1913024
1913125
1825924
1963256
1462682
1913124
572239
1756832
1046403
1972995
909827
646010
1462681
66200
131082
328430
312295
2170101
94290
228582
156690
471717
131083
91753
1856642
2170100
12042
192203
12045
12049
474454
2169985
2169987
12041
224578
2169986
2169984
1301220
1809767
1659298
1912598
2006498
1892570
193121
1770265
391912
33761
1162083
1037523
1629667
2020287
1629666
274584
1133727
1826822
1629665
1816485
1848152
1816488
1712387
1837089
1435446
1816484
444193
1279099
1816486
1562379
1848153
1848150
1848151
279538
1816487
1562380
198597
343866
88389
88387
88388
1856627
908834
1849531
1849532
198599
186772
1077832
1779340
1985159
31744
119910
12470
12558
196398
1080798
12473
12471
524023
1133751
12472
40979
1602124
1432563
685899
218923
378833
1714570
12139
305785
1241918
977912
977913
222557
430911
103782
12288
12286
12287
12285
43761
43764
35297
43763
683176
76343
31721
373373
1324959
767473
154784
12024
12023
1235640
1206313
1206300
329853
329852
39803
39804
329855
1547219
1983563
1983562
1983561
1983564
1041806
1041831
1678144
1678145
1678143
1216472
1678147
347219
2052685
37206
272751
12541
85652
1811408
1937789
12451
1871153
631345
561576
544686
186786
1629670
1094249
1100890
213633
186165
439014
32625
1917980
1971236
1925803
1921432
1608067
1504569
1608105
1967841
1481139
1608134
1585246
1608089
1027468
1608064
1608104
1608049
1272959
1608066
1552661
1608041
1608138
1608102
1620892
373862
1608114
1608090
1911435
1511639
1459044
936308
936149
1911434
1569258
1608112
1491491
1608085
1608100
1972617
1972623
1972619
1972625
1972618
1972626
1972624
1972615
1972621
1972620
1972612
1972622
1972613
1972616
1972614
38767
38766
1846259
1213198
249584
57482
746543
1072176
90961
237716
12538
57483
211977
11292
1167696
642022
249583
1972577
1972575
1972574
1972565
1972573
1972579
1972566
1972572
1972568
1972569
1972571
1972564
1972567
1972576
1972578
1972570
1978533
1978536
1978540
1978537
1978543
1978538
1978544
1978545
1978534
1978541
1978546
1978535
1978539
1978542
1608111
1211480
1608109
1608110
1985704
1972639
1985703
1985699
1985702
1972637
1972596
1972592
1972587
1972594
1972589
1972597
1229186
1972593
1972595
209854
11307
59380
195059
195060
488317
303300
348823
279896
1094373
1308859
1002359
1002360
948741
1985693
1985696
1985695
1985697
1985694
1972586
1987013
1987019
1972584
1987018
1972686
1972687
1972684
1972685
1972683
1985689
1985690
1985691
1985688
219584
696863
1980916
1980918
1980915
1980917
1972580
1972588
1972581
1256869
1300113
179986
152177
745716
1985698
698672
1979161
1979167
1979166
1979157
1979170
1979159
1979169
1979163
1979158
1979172
1979162
1979165
1979164
1979171
1979160
1979168
53179
740710
2049884
157619
1204252
622416
207246
580247
2169716
875624
623144
1305716
28274
204987
11176
322067
1117633
341053
92129
120499
241630
590647
36410
1170234
31604
11232
11240
11234
11241
11215
11216
11191
1357321
12730
63330
1979179
1979176
1979178
121791
381543
122203
186539
186541
186540
186538
565995
11269
1513237
1548713
1714619
1548720
1548722
1884878
1881950
1548721
675389
12455
11250
11246
11263
1408279
12814
162145
1884460
2040572
1577137
2040575
1435457
1884461
1977105
1985708
644609
644610
1985710
1034377
1884453
1883069
1368616
1406134
35319
1933291
1933263
1933178
1933276
1934100
35306
1933306
2170059
1933307
1933309
1933179
1933304
1933275
1933274
1933272
1933290
1933180
1933264
1933265
159150
159141
159148
1933273
35310
273350
1933269
1933288
1933181
1933270
1933176
1933177
1608068
1608047
1608060
1608094
1266451
1457386
1590836
1219465
1608095
1980536
1980537
1980535
1980534
1405807
1213620
1926502
1006583
1764086
904722
1926500
1055750
1926501
1851087
1457322
1764085
1608048
28292
904698
1216928
1933182
1933183
1933186
1933190
1933189
1933188
1933187
1933191
66266
12331
12332
12330
236807
55808
1980611
1980612
1980610
1980609
1980548
2024604
1980491
1980487
1980475
1980477
1980464
1980462
1980473
1980490
1980488
1980456
1980494
1980463
1980474
1980483
1980469
1980486
1980489
1980480
1980472
1980471
1980459
1980481
1980493
1980492
1980467
1980479
1980461
93830
1980457
1980476
1980465
1980495
1980466
1980470
1980468
485724
83871
460926
1033976
1857323
163325
309542
89471
1414655
1027232
1933299
1933294
1933298
1933295
1933301
430606
1933300
1933261
1933297
1381104
1615758
1712572
1980525
1980518
1980526
1980527
1980522
1980521
1980519
1980520
1980524
1980523
1980529
1980528
1980428
1980433
1980431
1980427
1980430
1980425
191288
1980432
1980426
1980539
1980542
1980544
1980543
1980540
1980516
45219
2169992
55097
45221
45223
49891
1642458
2030986
499556
42764
55096
743685
2169994
192848
1535802
11628
46919
144752
649188
11631
45220
1437126
208899
2169993
1642436
883876
2169991
1912901
11623
2169996
1588685
11620
11629
2170175
2170177
2170179
1653398
573900
300180
11320
1566309
688436
11318
11569
11520
1511084
11552
55987
1608107
1608139
1608065
1608093
1608133
1608123
1608042
1608086
1608044
1608137
1608072
1608087
1608045
1849544
1629671
1849545
2170047
2170044
2170045
2034996
12475
1661062
1913649
1849537
1755785
1755752
1476202
1532180
2016467
1516128
1574287
2016468
2030964
1923777
1922898
1922391
1923703
1922351
1923510
1922905
1923744
1922350
1923249
1922669
1923743
1923685
1923723
1923414
1923701
1922936
1922934
1923338
1923193
1922991
1922893
1923460
1922862
1922903
1922871
1923135
1922677
1923494
1922536
1922387
1922390
1922933
1922886
1922937
1922368
1923156
1922827
1922660
1923002
1922904
1922667
1923639
1922892
1923479
1922889
1923706
1922366
1922884
1923331
1923495
1923745
1923134
1922652
1923001
1923463
1923185
1923150
1922658
1922858
1922634
1922429
1923690
1923696
1922872
1922352
1923187
1923769
1922992
1923553
1922885
1923772
1923760
1922361
1922542
1922365
1923155
1922428
1922868
1923149
1923132
1923753
1923631
1923358
1922866
1923484
1923480
1922381
1923763
1923355
1923482
1923013
1922541
1922545
1922861
1923126
1923342
1923492
1923333
1923761
1923128
1922367
1922867
1923158
1923483
1923754
1922931
1922668
1923096
1923186
1923493
1923003
1923742
1923157
1923707
1922932
1922544
1922639
1922601
1923151
1923716
1923136
1923160
1923335
1922789
1923419
1922548
1923127
1923152
1923421
1923655
1923107
1923109
1922772
1922597
1923778
1922496
1923004
1923558
1923661
1923650
1922613
1923566
1922386
1923356
1923705
1922562
1922539
1923405
1923124
1923715
1922999
1923613
1922930
1923159
1922651
1923138
1923011
1923488
1923755
1923714
1922563
1923653
1923154
1923603
1923496
1923751
1922711
1922493
1923330
1922631
1923489
1922857
1923129
1923188
1923418
1922860
1922594
1923478
1923692
1922543
1922622
1923117
1923621
1922431
1922997
1923641
1923143
1923415
1923633
1923530
1922707
1923531
1923000
1922626
1923130
1922552
1922656
1923116
1923108
1923113
1923416
1923450
1923422
1922388
1922616
1922571
1922835
1923088
1923137
1923409
1922569
1923444
1922557
1922582
1923406
1922768
1923244
1922637
1922492
1922633
1923695
1923563
1922599
1923534
1923739
1923336
1923101
1923118
1922498
1922528
1923452
1923654
1922430
1923417
1923643
1922654
1922573
1923253
1923191
1923162
1923608
1923691
1922570
1922598
1922567
1923367
1923536
1922596
1922619
1922788
1923245
1923759
1922836
1922787
1922385
1923468
1923153
1922607
1923486
1923350
1923123
1923635
1922583
1923093
1922655
1922546
1922566
1922549
1923752
1923164
1923091
1922638
1922998
1922826
1922769
1922794
1923604
1923622
1922432
1923125
1923114
1923717
1923623
1923122
1923626
1923537
1923698
1923644
1923094
1922538
1923324
1922657
1923686
1923781
1923646
1923366
1922527
1923637
1922560
1923443
1923770
1922798
1923372
1923163
1923768
1922612
1922561
1923529
1923597
1922605
1923449
1922630
1923131
1922540
1923485
1922627
1922795
1923614
1922766
1922617
1923119
1922785
1922585
1922900
1922556
1923097
1923441
1923369
1922770
1923445
1923099
1923371
1923697
1922600
1923596
1923106
1922758
1923542
1922587
1923451
1923564
1922534
1922547
1922586
1923142
1922559
1923090
1922792
1922765
1923247
1923487
1923140
1922592
1923254
1922661
1923133
1922641
1923144
1923618
1922610
1922591
1922620
1923609
1922564
1923332
1923632
1923636
1923532
1923617
1922554
1923120
1923559
1922606
1923168
1922499
1923607
1922435
1923627
1922611
1923009
1923439
1922590
1922793
1923105
1923141
1923640
1923598
1923407
1923252
1923340
1922576
1923089
1922645
1923593
1922636
1922990
1922609
1923374
1923111
1922602
1922603
1923370
1923147
1923121
1923557
1922558
1922797
1922782
1923357
1923368
1922360
1923619
1923748
1922663
1922673
1923615
1922550
1922588
1923625
1923161
1922870
1922902
1923148
1922624
1922646
1923354
1922615
1923440
1922767
1922604
1923562
1923100
1922676
1923104
1922925
1923095
1922593
1923246
1922786
1923447
1922434
1922533
1922497
1922784
1923610
1923378
1923533
1922535
1923408
1923680
1923092
1922901
1922608
1923115
1923112
1923629
1923599
1922666
1922379
1923446
1922796
1923634
1922553
1922648
1923351
1923448
1922621
1923605
1923535
1923565
1923243
1923601
1923648
1922629
1923628
1923771
1923420
1922662
1922632
1922628
1923453
1922595
1923647
1923316
1923595
1923464
1922760
1923481
1922783
1923442
1923309
1922675
1923549
1922894
1922791
1938657
1922551
1923373
1923651
1922359
1922883
1922674
1923102
1923773
1923652
1923612
1923642
1922530
1923146
1922362
1923735
1923145
1923377
1923594
1922664
1923457
1922532
1923630
1922659
1923404
1923327
1922614
1923306
1922529
1923606
1923307
1922837
1922734
1922824
1923310
1923719
1923477
1923298
1923554
1922618
1923765
1923602
1923732
1923305
1922896
1922377
1922378
1922644
1923287
1923304
1922578
1923165
1922584
1923611
1923110
1922736
1922531
1923301
1922353
1923170
1923344
1922376
1923600
1923423
1923343
1923725
1922801
1923689
1923250
1922715
1923684
1923551
1923266
1923683
1923345
1922722
1923326
1923757
1922988
1922922
1922710
1922575
1922923
1922799
1922589
1922764
1922717
1923546
1922671
1923080
1922757
1923303
1923255
1922721
1923313
1923674
1923676
1922895
1923082
1923259
1923282
1923216
1923267
1922833
1922720
1922682
1923724
1922928
1923294
1923555
1923664
1923308
1922941
1923393
1923075
1922725
1922748
1923079
1922370
1922704
1923300
1923285
1922873
1923667
1923561
1923693
1922777
1923403
1922759
1922703
1922755
1923083
1923710
1922814
1922392
1922730
1923663
1922719
1923291
1923081
1922714
1922681
1923731
1922899
1922724
1923547
1922800
1922756
1922761
1923248
1922743
1922989
1923702
1922713
1922745
1923709
1923687
1922741
1923656
1923077
1922689
1923669
1923730
1922822
1923391
1922926
1923268
1923012
1922740
1923073
1922700
1922737
1922752
1923262
1922742
1922750
1922738
1922705
1922874
1922487
1923321
1922433
1922355
1923764
1923265
1923584
1922444
1922753
1922680
1923076
1938656
1922749
1922672
1923425
1923671
1922647
1923665
1923401
1922513
1923322
1923678
1922701
1923668
1923679
1922815
1922751
1922938
1922744
1923205
1922754
1923323
1923657
1923682
1923365
1922709
1923708
1923738
1922962
1922706
1923281
1923272
1923169
1923256
1922712
1923078
1922697
1923269
1922437
1922993
1923284
1923261
1922464
1923398
1923579
1922875
1923675
1923746
1922693
1922695
1922803
1923295
1923545
1922771
1923264
1922823
1922702
1923544
1922778
1923286
1923194
1923394
1923074
1922716
1923260
1923758
1922460
1923454
1922811
1922723
1922810
1923580
1922683
1922804
1922779
1922817
1922819
1922960
1922438
1923293
1922446
1922821
1923726
1923399
1922670
1922818
1922808
1923503
1923290
1922448
1922684
1923288
1923388
1922356
1922809
1922686
1923279
1923386
1923215
1923296
1923280
1922461
1922445
1923385
1922728
1922726
1923320
1923381
1922746
1922687
1922942
1923543
1923474
1922690
1922879
1922449
1923263
1922685
1922816
1923238
1922524
1922805
1922450
1923203
1922441
1922708
1922483
1922807
1923779
1923360
1922812
1922688
1923430
1922504
1923277
1923713
1922451
1923292
1923222
1923212
1922776
1923201
1922699
1923384
1922729
1923017
1923289
1922525
1923270
1923429
1923699
1923208
1922458
1923582
1922718
1923218
1923688
1923509
1923213
1922947
1923740
1923431
1923578
1922820
1923775
1923221
1923232
1923400
1922813
1922952
1923382
1922878
1922972
1923672
1923204
1922471
1923239
1923217
1923540
1923390
1923649
1923214
1923209
1923456
1923198
1923200
1922696
1923380
1923225
1922958
1923241
1923219
1923507
1923721
1923475
1923211
1923466
1922694
1922354
1923206
1923727
1923659
1923476
1923231
1922692
1923230
1923196
1923502
1923220
1923470
1923237
1923776
1923383
1923662
1923583
1923467
1923389
1922440
1923677
1922698
1923660
1923704
1923780
1923756
1922691
1923240
1923658
1923455
1923228
1923387
1922877
1923224
1922802
1923673
1923670
1923197
1923235
1923195
1923737
1923236
1923275
1923233
1923223
1922959
1922456
1922357
1923242
1922442
1923271
1922950
1922949
1922957
1922455
1922945
1923199
1923501
1923577
1922953
1923229
1923257
1923722
1922452
1922436
1922447
1923741
1922943
1923276
1923541
1923258
1923273
1923278
1922443
1922955
1922956
1923392
1923397
1922876
1923234
1923435
1922439
1923274
1922948
1922454
1922954
1923210
1923504
1922927
1923505
1923736
1923433
2025595
1930920
1926997
1926998
1930921
1459003
1462685
667093
1157337
38170
2170064
351073
75888
118027
185954
33724
519497
77698
10989
10990
73147
1577776
205910
205908
205895
205899
205896
2083445
1862978
1963254
519014
2083444
185782
56094
57747
1840528
311229
311228
404237
62352
46839
1567404
341721
42475
1408137
1428763
1955493
559180
40050
40053
306276
40056
40057
40052
40061
40060
40054
356862
40051
40058
40059
40062
104581
201490
204269
40067
1679172
40065
36427
183405
28876
28875
335100
1348384
183407
1637496
10986
411854
10991
104580
77763
246280
338781
907191
352248
1004049
1427476
1811230
1640277
1670669
310749
1408133
675833
1188793
1711684
1774276
354328
2003680
1188792
1776177
362692
362693
1131702
310750
1514896
1777015
1249676
1908807
1908813
1908811
1908808
1965306
1908806
1353016
1708712
2169747
2003678
2003398
1580606
941765
1840644
349681
1770613
1353795
282786
556524
1856030
1163537
912320
663282
2026601
1714370
1608533
1798085
1765754
1714368
1833938
155414
1714366
1777016
1714367
1714362
1714364
1921825
2057198
1756285
1755467
29256
1714363
1729670
1561171
1566868
1485922
1859161
1849535
1547580
1661396
1765736
1312445
1460374
1756615
1580605
1561172
271257
73497
1148491
939923
45237
73498
441999
267285
210827
152217
196690
425009
463392
279539
28882
1167691
42478
1167690
927810
11008
1300323
1678905
1678906
1497019
1008292
674953
674954
170965
29255
1516075
335204
2025333
492502
351495
1849533
1937817
1411681
1756157
1408895
659497
348449
1891704
425010
1408894
1849335
1685502
580254
1768874
1310424
1980625
1415665
1980631
1183241
674982
75747
1511840
872291
1323528
674984
1323524
1573459
674983
1115692
1323523
46618
1323525
1323529
1387301
1249677
37961
1469908
54289
284688
1469905
1825688
568090
942041
292052
859651
509923
589918
1469906
631431
191436
216371
160484
296210
1511847
148880
912029
1050903
369643
882768
675060
1150353
1087068
483537
659660
1848042
1181310
1568973
1849542
687917
1497848
1848169
1934322
862944
862943
1211481
194397
459770
1849543
1895000
421976
1329781
687918
1532031
1565088
1549357
1670975
12450
1423347
2032989
1284208
1640379
1074325
1129873
1523858
40282
40281
106962
245101
1923718
1926644
1922393
1922678
1343110
764348
1930960
1755792
1679238
1405299
759389
164750
284687
158372
399394
120086
134554
161736
593131
10879
1721090
1661392
11002
59816
48981
1127767
311176
10995
1676267
1661257
1285598
2058779
1985202
1985164
1985203
2058778
114871
1872708
878260
430710
591166
1000373
442302
1187973
1961162
1961155
145856
2021666
1227355
509532
223308
2021667
1547577
67762
1507006
1392388
302100
2020881
1678003
563180
693892
223334
1391746
507475
652717
1088661
1329381
693894
671095
574890
1288829
938276
1384631
1899219
1295014
653358
202567
1329380
908123
688540
163654
222441
1498504
341711
1350389
1912344
620894
674996
53010
223259
10829
117198
220340
598494
333968
399387
935473
390437
761702
1046573
292477
223287
333361
35341
266799
223303
559878
180399
1611435
263793
10817
10831
223317
1812308
390438
1198450
260909
526476
1246650
33726
1396815
223301
79236
169865
1742596
1532882
648801
390436
536086
94700
667119
932071
134681
86502
1904883
223282
1221206
1162280
536081
223342
223323
1513516
1742595
77647
2049955
223262
1904881
71186
666144
1195378
269277
932070
1513489
1124577
1125764
1227356
1904882
223313
165826
207240
31602
1737555
51676
77811
361731
223284
219299
932069
260908
223324
77813
714308
1077859
10839
536084
619599
223358
1742594
10838
1129033
172391
161378
85752
714309
55216
1051966
932073
223356
51034
649996
367850
10815
75574
223347
51673
376612
296190
1227354
10835
1906668
223314
228897
63723
1266458
47838
336987
51336
1046571
223307
457286
31600
365523
565052
1093958
759390
223264
665102
403897
1513520
327280
223321
1227357
1513525
408719
345184
1046572
100755
10827
223316
69263
634441
337826
134599
1513528
222450
223275
393599
390439
158463
222475
260379
1213406
62079
1904884
1513531
1383052
858517
543876
360579
341034
1032478
2050929
223352
1428190
186637
379728
1340746
337823
425303
761701
1336597
1367126
1874886
1925153
326811
310103
1195641
172394
1738045
196093
1046574
1904880
1198134
858513
371401
83839
367061
2050584
1915203
240865
302099
1955054
260378
536082
1774200
392761
1002681
452758
1034067
1266994
1129032
944994
232380
1225069
300411
361697
681518
240492
28350
420255
858512
96054
128941
1129034
1129035
498803
401040
407837
2050583
223332
2049944
222474
92963
994388
222459
1312724
1233675
1003836
390440
263001
1317107
858516
905054
220608
536085
1297645
579113
1602199
1335768
185793
390441
180587
1513521
875323
714310
44560
223345
1926117
329290
219744
223337
536083
222079
1264880
390443
271479
1513527
1884991
270140
202568
1489311
1266995
270146
1410062
377610
643133
223346
408136
199587
309390
507474
390444
997078
1266977
260377
1633139
400835
884610
1740165
575917
297249
676044
223252
551531
928315
1089387
2050930
191463
1130981
172278
1170656
417287
58177
501328
325111
377462
1333313
1256523
223344
420253
619631
875324
390442
85753
229636
548915
2169738
449400
971271
270117
222456
908023
912033
191460
208177
1241370
223305
507476
307110
1931111
999288
120168
1513530
1076345
435646
437063
123735
225752
1303385
508748
591160
229634
664980
713949
1489312
53260
1266993
211866
333293
207697
409287
652718
912034
227137
377609
220932
10832
1632184
290030
180526
188333
908125
222464
1492296
78395
1476487
10834
603333
1182518
10836
1174526
1302850
520848
889510
1868659
1249648
1302849
10837
71548
10820
887827
2049938
10826
936005
1030595
57119
1919062
496807
1302848
1568974
1162557
683179
497863
1196237
10825
10821
1072672
10830
1196236
930965
463360
1202142
1631303
2025352
2060142
1633752
1906317
1229324
2027645
1188812
1229325
873160
46448
1987360
10840
1218727
1306546
1830242
1853865
1766828
859650
945225
391228
49267
1381007
638358
1788315
1891972
1911555
1329649
1769949
2014603
2014604
329641
1133653
1165907
1511871
1511872
1511877
1511867
2169767
1511873
1511866
1511870
1511868
1511874
1511869
1864484
1511876
1511875
1511891
1511892
1511895
1511894
1511898
1511899
1670662
1511897
1472911
1241957
1580058
740933
1126383
1511906
1511910
1511908
1511909
2170147
2137545
1511916
1511917
1511914
1908804
1511912
1511913
1511915
1511904
1511903
1511900
1511902
1511901
72197
2169702
1511863
1908805
1511862
2169703
1131485
1341019
1391667
1209382
1208310
1511889
1511890
1511865
1513188
72003
1776153
1979750
1513189
1979753
1513184
1513186
1513187
1979752
1979749
1513185
1979751
1513211
1513214
1513212
1469956
1513210
1513213
1513202
1513193
1513198
945962
1907771
1979758
1513224
1581151
1519097
1917013
1926498
1882382
1454552
1676184
2017081
1788444
1788439
1475062
1788447
1105386
1788451
1105385
1574422
1353241
1618242
1618254
1618238
1618251
1618257
1699316
1692257
1788445
1618256
2017083
1618244
1618252
1788446
1788455
1618237
1692253
1618235
2017724
1692254
1788441
1692259
1692252
1692255
1618249
1692244
1618234
1692260
1618236
1788440
1788442
1475063
1692243
1788438
1788448
1692250
1618250
2057942
1618247
1692247
1692256
1618259
1788454
1788452
1618255
1618248
2017082
1618233
2006642
1692248
1844928
1788449
1692258
1618232
1692242
1618258
1618253
1618245
1788443
1692246
1618246
1692261
1611039
1618239
1692263
1618260
1692249
1618243
1692262
1692245
1788437
1692251
1788450
1548712
1618240
1795992
1796001
1908802
1795997
1796000
2006585
1455626
1795993
1506568
1795990
1795996
942033
1987732
1574360
1987739
2050928
2038722
1987736
1987743
2038726
1234880
2050925
2051672
2038723
2038720
1987742
1987744
1234882
2038727
1574362
1987740
1234879
1987735
2038719
1234881
1987745
2050585
2038721
2050596
2050586
1574361
2038725
1234883
2050038
1987738
2050587
1987737
2038724
2050926
2169855
1987734
1987733
1987741
1987731
2050927
1329650
1525173
2016456
2016458
2016459
1173709
1964372
1419711
1168547
2016457
1420600
720569
1506546
324685
1194757
400121
2003313
2003312
2003310
1959759
345250
759938
2003311
349370
1959744
400122
146032
2003309
1642515
1414603
142661
1868220
1959761
1868218
1475143
459957
77856
85708
1868221
133704
1379711
1379712
1379692
1379695
1379721
1379713
1379714
1379718
1379719
1576598
1576597
1379717
1379710
1379715
1379720
1379707
1379725
1379723
1619219
1619220
1619218
1629657
1629656
687346
687347
687353
687365
687366
687358
687345
687348
687364
687342
687363
687343
687349
687354
687362
687367
687340
687352
687350
687351
687355
687359
687360
687341
687368
687344
432261
393049
68887
1514665
1743411
1566011
991022
2016460
1543419
2012677
2012676
2010248
1427157
1427156
93678
1859149
1535290
1535291
687374
687369
687372
687371
687376
687370
687373
687377
687375
1163715
1670973
1548711
1214955
1415627
1002273
1415628
12618
1239832
1218488
687386
687387
687380
687379
687383
2065043
687384
687382
687385
1218490
687381
1676182
913970
1327987
1327969
1544364
1609634
1655645
1655657
1655654
1676183
1655648
1655658
1655653
1655660
1655644
1655652
1655651
1655647
1655662
1676181
1655661
1655646
1655656
1655659
1701405
1655650
1701404
1655649
1385658
2003327
2003328
313629
2003329
1986029
10855
1986027
489828
1945589
10848
1985284
1986034
1910969
1516127
1234888
1592096
1592098
1592092
1628899
1521387
1592093
1590172
1592089
1249501
1224510
1862826
1592091
1590155
642252
1328032
1592100
1592088
1592097
1537165
1537167
1521392
1590154
1590173
1521388
642255
642257
1592085
1443910
1407638
1592094
1537164
1454023
1521386
1521390
1291515
1592099
1592095
1537166
1537168
1454024
1592104
642256
1282443
1296573
1592090
1592087
1454028
1454021
1234874
1592103
1592102
1592086
1521385
1454022
1521389
1521391
1592101
1282444
1234872
1778558
1778560
642254
1592084
642251
1454026
1592083
1454025
1454027
575913
642259
1488557
642258
1778559
642253
642260
1234878
1778561
1592082
1454030
1454029
1593423
2017712
1897538
1519406
1593425
1862824
1519403
2016461
1930298
1593424
1592081
1634485
1634488
1843761
1985412
1985409
1985378
1985396
1985382
1985394
1985379
1985372
1985405
1985393
1985392
1985404
1985375
1985389
1985386
1985381
1985395
1985410
1985377
1985411
1985413
1985373
1985388
1985390
1985380
1985383
1985384
1985374
1985376
1985391
1985406
1985385
2004487
2004963
2004962
2004961
1391038
1391037
2004964
2004957
2004968
1234887
2004486
1634484
2004960
2004967
1986477
1986478
1941237
1986479
1941239
1941233
1941234
1985428
1985425
1985427
1985426
1985429
1985418
1985417
1985416
2005506
2005505
1985420
1985415
1985419
1985421
1977411
2011088
2011082
2011080
1977412
2011079
2011077
2011073
2011074
127509
10862
2011081
2011076
2011083
141904
2011075
70203
1977140
642111
1449897
1074044
1449896
1460070
1027253
1352227
1354496
247080
1150992
127508
10869
1977304
1977307
1977306
1977403
10864
1977299
1977298
1977297
1977408
1977410
753670
59817
1436892
67585
283824
2038729
262588
12585
438782
1843762
1603068
1603069
1603067
1603066
1595998
1820159
1932006
2170127
2170104
2170128
2170118
2170129
2169930
2169931
2169875
2169776
2169852
915486
754441
674980
1379694
2170141
2170145
2170146
2169964
1285589
1327968
1678078
1932881
1859492
552509
1868621
2010269
1920989
2010272
1888308
2010277
1758883
1844927
1758878
2010273
1920988
1587515
2010268
1916647
1955196
1489714
1500510
1955199
2010275
1911102
1758881
1654356
1911438
1955197
1930510
1930507
1930508
1911439
1804153
1958784
1529605
1958786
1958785
1955198
1804157
1740646
1678208
1955175
1804156
1766767
1804155
1849539
159252
1685755
1398939
1981916
1585924
1758882
1436816
1930302
1888317
1685740
2060778
1685757
1888318
1685756
1587517
1592828
1755754
1755753
2010281
1608451
1929030
1685763
1685766
1804154
1685772
2010280
1608440
1685774
1808960
2010279
1580607
1685735
1685778
1685779
1685783
1685759
1685767
1843765
1685771
1843764
1685776
1685770
1685758
2010278
1685773
1685769
1685743
1519391
2021738
1843768
1843766
1685760
1685746
1685737
1685753
1685781
1685762
1843767
1685754
1685785
1685784
1542745
1685741
1685742
1676185
1809112
2010284
1685764
2010283
1685761
1685736
1685777
1843771
1685780
1755781
1685775
1685750
1685738
1685786
1685765
2010274
1685748
1685739
1685749
1843773
1685744
1685745
1843769
1843763
1685768
1685725
1685751
1736634
1843770
1685747
1504733
1843772
1685724
1685728
1685732
1685734
1685727
1685733
2010266
1685731
1685730
1685726
2010265
1685729
1685752
549205
646442
647294
380669
671126
1459800
69577
1490026
52996
12435
1016852
419782
263892
2033633
1016853
1016857
1050407
10653
1016855
157270
198310
1940252
178354
362398
174178
1619899
1016856
1960252
1973265
1476909
362399
328670
1634914
262957
1561150
1505530
1960255
1016854
1411991
31559
328671
1471299
218387
2169726
1227557
1034096
1711685
213888
1221449
515444
264076
47903
10640
10641
10649
194445
515320
172220
35593
175814
10651
1848040
1751715
587370
2020956
995049
107324
38062
930168
1213588
10654
59504
196403
11834
99182
590745
11788
11819
11830
11786
11768
394239
11636
369960
11840
11970
11809
11807
353765
11723
11663
11709
11673
11676
2169971
11660
11657
12804
11665
1622024
723802
1904439
1822365
239365
69576
11856
11757
11855
11746
481147
318279
194441
194440
11901
194443
11864
11885
11867
11958
11886
354090
11884
39720
40270
11642
338079
207343
109270
348296
204873
1435008
93465
45617
1211417
1327990
1328029
1327972
1814284
1814283
1814282
1792274
280702
564886
1925152
220813
929051
640136
447602
315392
447600
326489
1931113
447605
1175505
447603
218845
377463
325113
393034
307111
417192
1231334
670251
1507403
337824
427315
292627
1213187
562747
377611
391090
1506157
234829
329288
1397670
291270
436242
360580
1609290
366686
434068
908009
908276
454128
189515
1246849
713092
292626
1705090
220814
1234171
706122
410826
169693
1335766
478812
488255
1705091
519016
756759
2010332
1297646
220812
1176156
2010315
908070
486898
2010321
2049892
278069
1384632
2010322
2010331
635076
339965
53991
447599
1476485
411248
2010320
436243
2010319
221054
1461792
497865
447606
2010327
2010323
2010286
221036
205323
435488
575918
662596
2040662
219596
2010324
912035
666635
693897
1428189
306025
169687
875325
447604
1273128
1418029
185750
2050589
2010314
1198498
221037
1255765
885379
304222
186371
134386
714640
1993650
1993643
1458187
1819678
1755198
759124
538004
447598
1507725
1188819
518829
944995
656028
661505
1112202
1690816
1468596
945250
713091
1407057
1225644
1260770
96892
748170
1293961
1705092
1542665
905055
1468597
1506184
743035
1231298
741733
1454227
679536
743040
447597
1544378
187850
1250303
2169841
926844
2169842
1260769
1048668
743023
1705093
1249467
2169825
2169824
713089
2169905
915293
1458458
1441796
1455653
1441800
1453081
1453082
1453080
1455652
1441799
2169834
2169838
2169893
2170028
2169724
302070
302069
1490528
260479
1149866
1538101
169696
196089
190809
195062
141860
190811
99930
192021
298974
298965
192022
127441
193119
373058
196094
192023
193122
12436
191032
195063
195061
31504
196095
193118
195056
857288
196399
1592212
1592207
1595961
1592211
570950
570949
284503
1646350
198608
1646351
1250316
1538550
1778573
1778572
1778570
1343493
1958957
1032473
1115696
1932713
762906
2023155
1557033
1557034
1557035
1335638
1987104
1987105
1987101
1987102
1987103
1987108
1987107
1987118
1508710
68416
1508712
2049933
10406
10407
35269
12639
1128118
2018685
28300
1690672
1862823
1862822
1303386
1379788
1611875
12895
697192
12904
46342
459949
12906
73494
2022430
12783
1319979
190810
551523
79450
1667384
574040
53193
12901
12897
12885
100785
12890
12888
12892
598747
651134
192027
192026
12899
192025
12898
12907
12889
36453
1278205
12893
64021
481311
1737346
1423421
190808
529840
1737345
758918
12894
68402
12896
