248350
996276
40418
2875319
117544
12333
2008762
2665205
507510
2697640
675845
140410
140410
2689271
2585109
366518
84676
2630820
2630820
2685620
2685620
2685620
2845856
2718712
2623406
140747
700840
454617
700838
454617
700853
2728191
2728197
456491
456491
456491
456491
2560118
689759
2733283
310911
2733246
2747946
2623265
12333
225481
61978
61978
1678
504731
2630682
2752290
2626850
2626850
2626850
2619512
1004024
55336
12333
2762764
142778
2762797
2631071
704027
2593658
2632472
196895
422620
140410
29907
1542744
1542744
1542744
1985365
1985365
1985365
1985366
1941236
1941236
1941236
1941236
1941236
1941236
1941236
1941236
2632541
2632265
2633097
2630131
2614977
2801915
576225
185820
2602424
2640012
1280462
1073663
1073663
1073663
2645356
2645356
2635213
2660429
2319384
2842953
5073
96236
2625375
562173
562310
2634383
2794822
2795037
2558877
161939
1307802
1714618
352926
1009842
1046393
2635653
2800155
64908
1535457
2805131
2805137
2805149
2622226
2805383
196779
70334
34474
2788735
2746350
336962
1813598
2746362
1073966
382956
445994
161572
523725
58608
58608
58608
2867431
2506054
2638554
196821
2562318
2609909
478825
2817561
376147
2637779
4275
2648251
2627417
2627417
41955
41955
121155
189831
264095
2647445
251260
2628117
2615204
185978
185978
2602519
2824168
2825977
2615206
1232793
981535
196895
196821
908833
142931
142931
235627
235627
235627
235627
235627
235627
235627
235627
235627
235627
235627
235627
235627
235627
235627
235627
96574
2556130
82105
1343192
467983
430999
1508276
2608935
2608935
2608935
2647522
2647522
2647522
2647522
2720068
211921
860609
73391
236622
2183732
330383
2746350
196894
196894
196894
196894
196894
196895
196895
196895
117574
196896
196896
196896
2585030
2585030
2609674
2871197
29278
2599620
2599620
2555546
12429
12429
12429
1109404
257372
2627760
2627760
2649241
511382
40418
11572
1980517
1980517
2842388
2842389
2842389
2842389
2842390
1980517
2842391
2842567
2842567
675845
675845
1506574
2842548
11584
11271
1980517
2843014
140410
140410
140410
5429
1542744
1542744
1542744
1542744
1542744
1542744
1542744
1542744
1985365
1985365
1985366
1985366
1985366
1941236
1941236
1941236
1941236
1941236
1941236
1941236
1941238
1941238
1941238
1941238
1985367
1985367
1985368
1985368
1985368
1985368
1985368
2842699
2842963
2842999
1218489
2733283
735369
1875065
12333
57057
12333
1837216
2184468
12333
12333
1330992
12333
12333
1125709
1231361
78477
1004231
1545017
1265192
2677617
1054967
2026949
196894
12333
12333
12333
12333
12333
12333
12333
12333
12333
12333
12333
12333
12333
12333
12333
12333
12333
12333
12333
12333
12333
12333
12333
196894
196894
196894
196894
196894
196894
196894
196894
1133560
2234121
2788246
2852857
2562660
12333
2172093
196894
12333
2233614
196894
2448274
196894
2562717
12333
12333
12333
12333
12333
12333
12333
12333
12333
12333
12333
12333
12333
1506575
196773
196894
2749939
352888
2571059
2744420
196894
4044
1737463
2562664
2738138
12333
12333
196894
706548
757240
2627701
2171721
2026949
2212402
2267235
1507402
1647770
2731990
2746074
2315167
362246
1003890
257496
1964815
71201
2562661
196894
2099797
2744426
456491
456491
456491
456491
37991
2604348
2604348
2604348
2604348
2607872
2638516
2451336
1207503
349945
51368
12429
12429
12429
1527522
1527522
2562699
2267885
2304867
555092
2094407
2304821
2094418
2094405
745176
1262488
1262488
1262488
1262488
1262488
1262488
2677154
2677154
2677154
2677154
2677154
2677154
2677154
2677154
2677154
2677154
2677154
2677154
2677154
2677154
2677154
1262488
1262488
1262488
1262488
1857891
2267235
352927
627479
2565499
327106
196894
196894
196894
196894
196894
196894
333774
333774
333774
333774
333774
333774
333774
2585030
2585030
2585030
2585030
2585030
196894
196894
196894
196894
196894
12333
2597170
2597170
2597170
2597170
2597170
2597170
2597170
1955138
57623
34622
60836
2864857
2864864
1792567
2865069
1685947
2865108
2865126
1003890
1527522
2635462
2635462
2635462
55482
12333
1765026
2618356
2619320
2649748
2620126
236412
2644568
333938
333938
333938
333938
333938
333938
333938
333938
333938
333938
2866080
2866150
2650499
2855496
2608935
335980
245931
2866209
931595
120641
196821
196821
1046314
2621336
196821
2647107
325675
325675
1663116
62701
2643325
196821
2773237
2649760
2630191
9918
12333
12333
196896
196896
196894
196894
12333
12333
12333
12333
12333
12333
2593676
332470
2866800
12333
12333
2625679
2081234
29278
336635
149371
2647267
2637084
343865
2685216
2645709
111201
33811
33811
33811
33811
2645039
2645039
2645039
2645039
2171721
2496631
2259884
125546
34372
196821
2014338
36446
2625248
2585030
367494
583636
2491174
583643
216179
216179
2337748
2696837
367598
566770
583560
272295
1403264
584509
2737642
248113
248101
2637753
2637753
2868407
2868481
2868552
2868736
2868804
2869028
2869159
2869197
248117
2869492
2626015
1578027
362246
12333
12333
12333
12333
12333
12333
12333
12333
12333
12333
12333
12333
196896
196896
196896
196894
196896
196896
196894
196894
196894
196895
2620071
2869613
2869697
2638198
2648659
2709973
2870074
2608935
70692
12333
1661063
1661063
352926
37991
37991
37991
34474
2109548
2480990
12333
2642986
196821
196821
937053
2664420
2773055
2773055
196821
219470
196869
332470
29278
2620175
196198
185978
327263
172653
2871428
211921
2688356
2593676
196821
196894
196894
196894
196894
196894
196894
196894
196894
196894
196894
196894
196894
2025810
2571144
196894
196894
196894
196896
196894
196894
196894
196894
196894
696327
352926
535600
2788019
2622230
930167
42244
111586
2794573
364708
12333
2606490
2615069
2640896
37345
210584
2420608
2624212
2624212
2562667
338986
323723
12333
42324
320344
307611
2635317
2635317
2635317
2635317
2635317
2635317
2635317
2635317
2635317
2620108
2635317
2635317
2635317
2635317
2635317
2635317
2635317
2635317
2635317
2635317
2635317
2635317
2620108
2620108
2620108
2620108
39180
2872518
45059
112295
112295
92543
2827483
196159
2811071
356378
12333
12333
33393
35303
2014338
53698
53698
2720068
2720068
1086556
2872814
704168
2619995
2621730
2608929
572116
12333
336871
336871
336871
2774
2774
191045
196894
196894
196894
196894
196894
1827277
185820
226220
2661966
2628550
295988
702551
218729
44624
286167
1075199
562107
2509992
562414
2794098
2873915
2873918
2873923
46366
196896
2631658
2631658
2873949
157019
209236
390007
548212
548212
548212
2873976
37960
1680130
1661063
2587553
2788672
1149703
1492710
185979
675074
675074
675074
675074
675074
675074
675074
675074
675074
675074
675074
675074
675074
675074
675074
675074
675074
675074
675074
675074
137555
137555
37960
37960
222556
94699
2600328
1980613
1527522
352926
1111709
12429
12429
12429
12429
12429
12429
12429
12429
99681
99681
2875319
2875323
341670
280050
2599620
1566308
2875499
2624516
2636138
2647248
873265
2635547
554683
596919
2874384
797816
2875744
352924
2748377
2748377
2748377
137555
1249508
49606
2645337
2609333
205167
105767
1890238
71781
1798857
1798879
2877716
2877713
5429
1799786
424236
424236
2877711
305539
10294
675074
137555
12429
37960
2643087
2876615
1046314
94699
219470
562146
2003305
222556
10358
41129
294624
558221
154016
2037863
2037867
2644804
2625123
2637085
1980525
1410278
2060679
2620435
2620435
2620435
73419
171505
1290194
