2875319
2665205
2689271
2845856
2718712
2728191
2728197
2733283
2747946
2752290
2762764
142778
2762797
2801915
2842953
562173
562310
2794822
2795037
2800155
2805131
2805137
2805149
2805383
2788735
2867431
2817561
2824168
2825977
2871197
2842388
2842389
2842389
2842389
2842390
2842391
2842548
2843014
2842699
2842999
2733283
2788246
2677154
2677154
2677154
2677154
2677154
2677154
2677154
2677154
2677154
2677154
2677154
2677154
2677154
2677154
2677154
2865069
2865108
2865126
2866080
2866150
2866209
2866800
2014338
583636
583643
367598
583560
584509
2868407
2868481
2868552
2868736
2868804
2869028
2869159
2869197
2869492
2869613
2869697
2870074
2871428
2788019
2420608
2872518
2827483
2811071
2014338
2872814
2661966
2509992
2794098
2873915
2873918
2873923
2873949
2873976
2788672
2875319
2875323
2875499
2874384
2875744
2877716
2877713
2877711
2876615
562146
2003305
2037863
2037867
2625123