3
8
115
5929
2815320
2367
12817
2817278
2841978
19829
24999
2875320
2777006
2653657
2847087
99837678
2665206
2879429
2825847
2843907
2844217
2844218
2689272
2692510
600000
2316522
2704616
2704651
2704652
2704653
2704654
2704655
2847181
2718713
33128228
2720720
2728170
2728177
2728180
2728184
2728185
2728187
2728192
2728198
2729566
2729568
2729569
2729570
33140480
2734427
2734554
2734555
2734306
2734370
2747947
2748008
2749424
2750740
2750801
2750804
2750996
2751803
2752288
2752292
2753552
2753556
2753558
2754079
2757797
2760287
2762556
2762765
2762789
2762798
2763295
2763643
2764711
2765378
2766990
2768673
2844220
2776139
2844531
2844532
2844533
2844536
2844538
2844539
2844554
2844563
2844566
2844581
2844582
2844583
2844584
2844588
2844595
2779359
2779360
2779361
2779362
2779363
2779403
2781051
2781548
2781843
2782213
2782443
2782447
2782450
2782454
2782463
2782464
2782478
2782480
2782482
2845804
2785244
2786942
2793010
2794092
2794094
99787568
2794814
2794823
2795038
2795236
2795373
2796354
2796355
2796356
2796360
2798742
2799231
2800156
99796358
2803892
2805128
2805132
2805139
2805150
2805158
2805384
2807096
2807507
2870670
2808990
2809160
2809168
2809551
2809595
40034116
2809836
99805006
2812486
2813292
2814430
99808454
2815664
2815672
2815676
2815678
2815696
2815698
2815705
2815720
99809214
2816459
2816460
2817032
2817564
2818450
99811870
2819595
2819678
2819943
2819957
2819960
2820043
2820046
2820320
2820437
2820520
2821362
2821792
2822424
2823469
2823904
2823905
2824109
2824169
2825979
2826993
2827262
16984305
2828700
2830470
2830842
2830863
2830898
2830901
2830983
2830984
2830986
2830987
2830990
2830991
2830992
2830993
2830994
2830995
2830996
2830997
2830998
2830999
2831000
2831002
2831148
2831538
2831545
2831549
2831551
2831556
2831574
2831890
2831891
2831892
2831893
2831894
2831895
2831896
2833184
2871431
2834289
2834510
2835275
2836003
2836004
2836006
2836080
2836081
2836082
2836083
2836084
2836085
2836086
2836087
2836088
2836109
2836112
2836113
2836148
2836149
2837406
2838132
2839018
2839028
2839029
2839030
2839037
2839038
2839047
2840185
2840427
2840432
2840434
2840467
2841820
2841978
2843616
2843617
2843618
2843737
2843738
2843739
2843740
2843743
2843745
2843747
2843873
2843874
2843907
2843908
2843915
2843938
2844111
2844158
2844162
2844175
2844217
2844218
2844219
2877795
2844507
2844509
2844510
2844511
2844512
2844513
2844519
2844530
2844542
2844543
2844550
2844552
2844555
2844559
2844562
2844565
2844572
2844575
2844577
2844599
2844613
2844616
2844618
2844622
2844625
2844628
2844638
2844640
2844641
2844642
2844643
2844645
2845856
2846037
2846529
2846578
2848566
2849046
2849675
2851063
2851083
2851639
2851919
2852103
2852114
2853199
2859662
2859663
2853859
2853976
2854258
2855525
2855628
2856095
2856449
2860374
2860375
2860377
2859290
2859291
2859292
2859293
2859302
2859304
2859309
2859310
2859319
2859320
2859321
2859322
2859325
2859340
2859342
2859352
2859353
2859355
2859357
2859358
2859362
2859363
2859364
2859487
2859488
2859489
2859492
2859493
2859494
2859495
2859496
2859509
2859510
2859511
2859512
2859513
2859524
2859527
2859528
2859565
2859632
2859633
2859634
2859635
2859636
2859649
2859650
2859651
2859652
2859653
2859654
2859655
2859656
2859657
2859658
2859659
2859660
2859661
2860269
2860336
2861055
2860370
2860371
2860372
2860373
2860376
2860399
2860996
2860997
2861003
2861008
2861009
2861054
2861869
2861894
2861897
2862717
2862735
2862736
2862737
2862740
2862761
2862773
2862774
2862775
2862824
2862825
2862880
2862951
2862984
2862993
2862994
2862995
2862996
2863001
2863002
2863003
2863004
2863013
2863017
2863018
2863020
2863022
2863065
2863082
2863216
2863231
2863240
2863244
2863246
2863248
2863249
2863250
2863251
2863277
2863278
2863283
2863305
2863366
2863423
2863533
2863544
2863583
2863593
2863595
2863600
2863601
2863603
2863606
2863611
2863612
2863615
2863618
2863621
2863626
2863627
2863633
2863634
2863636
2863640
2863650
2863651
2863652
2863657
2863661
2863662
2863665
2863672
2863679
2863681
2863682
2863830
2863832
2863841
2863847
2863850
2863852
2863853
2863855
2863856
2863864
2863865
2863866
2863867
2863868
2863869
2863870
2864095
2864096
2864098
2864099
2864100
2864360
2864362
2864363
2864364
2864366
2864369
2864370
2864371
2864372
2864373
2864374
2864375
2864376
2864385
2864436
2864487
2864969
2865031
2865037
2865056
2865070
2865105
2865110
2865141
2865372
2865374
2865613
2865614
2865616
2865628
2865759
2865775
2865832
2865833
2865840
2865909
2865919
2865960
2866014
2866022
2866023
2866024
2866038
2866040
2866041
2866044
2866045
2866046
2866081
2866151
2866168
2866173
2866201
2866207
2866208
2866210
2866274
2866275
2866277
2866278
2866284
2866311
2866386
2866426
2866452
2866453
2866474
2866509
2866511
2866626
2866627
2866628
2866647
2866655
2866656
2866659
2866684
2866685
2866686
2866687
2866688
2866690
2866691
2866692
2866693
2866695
2866715
2862336
2866801
2866803
2866804
2866821
2866835
2866862
2866945
2866966
2866972
2867006
2867096
2867123
2867141
2867197
2867202
2867203
2867204
2867205
2867231
2867233
2867235
2867238
2867278
2867337
2867338
2867348
2867405
2867408
2867436
2867438
2867448
2867550
2867617
2867712
2867745
2867784
2867801
2867802
2867827
2867829
2867904
2868055
2868079
2868107
2868108
2868145
2862630
2868371
2868379
2868383
2868384
2868408
2868482
2868553
2868737
2868805
2869029
2869160
2869198
2869484
2869495
2869501
2869520
2869542
2869543
2869545
2869546
2869547
2869548
2869551
2869552
2869555
2869556
2869559
2869560
2869561
2869564
2869565
2869567
2869568
2869569
2869570
2869571
2869572
2869573
2869574
2869612
2869614
2869698
2869771
2869871
2869910
2870075
2870346
2870528
2870529
2870617
2870618
2870633
2870654
2870658
2870664
2870670
2870683
2870705
2870751
2870833
2870840
2870860
2870863
2870874
2870875
2870876
2871095
2871144
2871165
2871166
2871167
2871170
2871174
2871175
2871179
2871198
2871429
2871431
2871456
2871487
2871493
2871511
2871513
2871516
2871518
2871519
2871520
2871521
2871522
2871523
2871524
2871529
2871530
2863279
2871538
2871539
2871540
2871541
2871542
2871543
2871544
2871545
2871546
2871548
2871563
2871642
2871650
2871654
2871694
2871729
2759114
2871814
2871826
2871828
2872011
2759174
2872154
2872158
2872160
2872190
2872220
2872223
2872231
2872297
2872323
2872330
2872338
2872343
2872363
2872377
2872430
2872431
2872437
2872438
2872439
2872444
2872455
2872459
2872461
2872467
2872479
2872481
2872483
2872488
2872489
2872490
2872491
2872492
2872494
2872497
2872498
2872499
2872502
2872503
2872506
2872507
2872510
2872519
2872545
2872558
2872562
2872569
2872646
2872652
2872670
2872671
2872675
2872676
2872680
2872732
2872738
2872797
2872798
2872805
2872810
2872811
2872812
2872816
2873269
2873270
2873296
2873315
2873349
2873410
2873411
2873412
2873517
2873518
2873519
2873524
2873525
2873527
2873530
2873531
2873644
2873650
2873651
2873652
2873698
2873715
2873824
2873825
2873845
2873899
2873910
2873911
2873912
2873913
2873914
2873916
2873919
2873924
2873938
2873946
2873947
2873948
2873950
2873962
2873969
2873971
2873973
2873974
2873975
2873977
2874023
2874024
2874025
2874026
2874031
2874045
2874213
2874282
2874392
2874393
2874394
2874395
2874396
2874397
2874398
2874399
2874400
2874401
2874402
2874403
2874404
2874405
2874406
2874408
2874410
2874411
2874412
2874414
2874416
2874417
2874422
2874424
2874430
2874433
2874437
2874442
2874444
2874446
2874448
2874451
2874452
2874453
2874454
2874455
2874456
2874457
2874458
2874683
2874689
2875320
2875324
2875326
2875327
2875328
2875329
2875500
2875505
2875539
2875540
2875545
2875573
2875577
2875600
2875639
2875737
2875746
2875798
2875809
2875810
2875814
2875821
2875884
2875971
2875986
2875995
2876005
2877723
2877728
2877758
2877775
2877777
2877781
2877784
2877795
2877807
2877853
2877859
2878256
25428856
6562065
5541101
2872978
2560693
2874407
2874418
2874459
2874460
2875596
2876616
2866284
1386187
11739161
13999946
13999962
13999964
13999968
13999970
13999972
13999976
13999980
13999982
13999984
13999986
13999988
13999990
13999992
13999994
13999996
13999998
14000000
14000002
14000004
14000006
14000008
14000010
14000012
14000014
14000016
14000018
14000020
14000022
14000024
14000028
14000034
14000036
14000062
1955165
2871144
99803592
2794095
2003306
2796362
612471
2560581
2037788
2037815
2037818
2037860
2037864
2037868
2038013
2038014
2038028
2848328
2572175
5727654
2060690
2594494
2594495
2594496
2600124
2602121
505800
2605749